year,variable,month,n,mean_error,std_error,mae,rmse,min_error,max_error,p50,p75,p90,p95,p99
2015,solar,1,744,45.512698252688175,567.9383808265952,204.90455309139784,569.3784943160911,-3570.7425000000003,4766.735,-0.1775,0.039375,326.4904999999997,799.7646250000005,2081.833675000014
2015,solar,2,672,-9.80860491071429,915.090685499052,419.69635788690476,914.462166474601,-4412.095000000001,4800.610000000001,-0.225,-0.141875,613.0084999999997,1673.809124999995,2977.253899999997
2015,solar,3,743,100.57261776581429,977.4436332680956,476.844004037685,981.9496142197088,-3544.9125000000004,4761.647499999999,-0.1875,107.66375000000002,847.4184999999989,2003.4199999999998,3555.937000000003
2015,solar,4,720,4.141302083333317,832.8744524133504,419.9144409722222,832.3061694021228,-3023.3275000000012,5553.345000000001,-0.25375000000000003,48.229375000000005,645.5412500000011,1430.2768749999982,2795.9771499999974
2015,solar,5,744,277.62498991935485,1155.6082129613696,633.6033299731183,1187.7335743491883,-5863.242499999999,4729.465,-0.07625,493.43375000000015,1730.1597500000012,2588.015374999999,3928.371150000002
2015,solar,6,720,261.2792777777777,1067.026878261749,572.2866111111111,1097.8305450030455,-2454.8250000000007,6465.922500000001,-0.12125,367.4756249999998,1282.3929999999993,2361.0252499999983,4321.033824999991
2015,solar,7,744,178.10451948924728,799.3629983030249,472.6355409946237,818.4397211862737,-2451.9299999999985,3150.2175000000025,7.4487499999999995,344.27812499999925,1195.3322499999997,1847.537250000001,2567.101075000002
2015,solar,8,744,149.8711928763441,644.077700940136,363.66647513440864,660.862984225663,-3744.8825000000015,2613.869999999999,2.42,339.36125000000175,873.7270000000008,1319.269750000001,1770.3735250000036
2015,solar,9,720,179.14000694444442,737.3534068425646,363.31779166666666,758.3047300430708,-2367.075,5318.017500000002,-0.1125,209.52937499999967,928.8849999999999,1416.5299999999993,3239.824599999986
2015,solar,10,745,158.7995436241611,916.1211554658935,410.06320805369126,929.1763658932919,-4511.6275000000005,5384.025000000001,-0.1125,66.92,1027.0589999999997,1787.073499999993,3866.3104999999996
2015,solar,11,720,-59.536180555555546,562.5151570143001,223.72206250000002,565.2684157617623,-4177.2525000000005,2644.4575000000004,-0.1575,0.09499999999999992,188.80675000000008,496.46287499999994,1610.6122249999914
2015,solar,12,743,-46.48759084791384,411.3435358911381,169.88372812920593,413.6869232501022,-2563.254999999999,2364.3475000000008,-0.275,-0.18125,102.6895000000001,518.9384999999999,998.8994500000011
2015,wind_onshore,1,744,-42.84913306451606,1574.2709854435939,1188.537883064516,1573.796078361508,-5834.917500000001,4839.4025,54.42375000000021,852.8168749999998,1857.7097499999988,2519.4903750000003,3563.8438499999997
2015,wind_onshore,2,672,-406.1083035714285,1185.733369222636,965.625706845238,1252.5156164078646,-4189.25,2286.8374999999996,-266.2649999999994,412.2131250000001,995.5102500000004,1434.3988749999974,1948.4144749999996
2015,wind_onshore,3,743,-190.12249999999997,1265.6656087539525,937.8889401076715,1279.0230632243697,-5573.494999999999,4469.022499999999,-191.645,462.3062500000001,1208.0860000000005,1849.5299999999995,3576.477450000002
2015,wind_onshore,4,720,-233.67121180555563,1394.6614003602938,979.0485451388887,1413.145836881665,-7453.32,5098.669999999998,-110.33999999999969,405.45437499999997,1049.7237500000003,2059.301124999999,4065.400724999993
2015,wind_onshore,5,744,307.40903897849455,1373.077868365669,996.5187365591398,1406.1682285182858,-5351.0975,4337.695,271.2650000000001,1020.4218750000005,1842.6387500000003,2437.180375,3849.6624750000037
2015,wind_onshore,6,720,-48.773784722222224,949.0331522407963,649.8532569444444,949.627234240622,-4099.327499999999,2905.217499999999,81.23500000000013,509.40562499999965,870.9020000000002,1062.6229999999996,2013.2861749999895
2015,wind_onshore,7,744,159.67200604838715,1512.1297340363515,1085.5382224462367,1519.5256432683555,-4546.8725,5237.552500000001,132.9512500000004,906.3331250000003,1957.202250000001,2788.447000000001,4642.381175000007
2015,wind_onshore,8,744,-347.99957661290324,1198.7431732016662,856.5627688172042,1247.4604077509834,-5882.362500000001,3300.629999999999,-133.75500000000034,339.96375,835.7245000000006,1242.3463750000008,2234.1769000000063
2015,wind_onshore,9,720,-924.9955451388888,994.751715884323,1089.6177048611112,1357.856172870847,-3744.345,4464.342500000001,-866.2250000000008,-267.5675000000002,223.6392500000005,575.8567499999991,952.6928749999963
2015,wind_onshore,10,745,-344.2901577181208,1042.3949611964533,755.0828355704697,1097.1164302144975,-4442.214999999998,3746.247499999999,-167.94999999999982,260.7625000000007,717.0195000000001,1005.0074999999997,1681.6893999999984
2015,wind_onshore,11,720,262.97661111111114,1724.2189068664288,1320.2324305555558,1742.97402911739,-4232.195,5527.060000000001,194.36124999999998,1257.5512500000007,2547.5925000000007,3287.127749999999,4870.591749999997
2015,wind_onshore,12,743,-818.3242866756394,1504.0666849629017,1213.9216823687752,1711.3814668073358,-11835.695,2830.289999999999,-682.8400000000001,38.342499999999745,868.0650000000021,1215.2482499999971,2341.288800000004
2015,wind_offshore,1,720,-181.06213541666668,136.58836302266047,186.20327430555554,226.74647991688025,-486.375,108.0625,-223.615,-43.864375,1.8100000000000132,17.04287499999998,58.887149999999764
2015,wind_offshore,2,672,-277.4448995535714,204.8729955335292,281.043322172619,344.79871932568545,-619.84,133.325,-278.035,-76.37187499999999,-2.055500000000005,8.588124999999978,36.32944999999993
2015,wind_offshore,3,743,-425.66880551816956,262.0234885695515,426.77001682368774,499.7577776979813,-988.045,33.815,-482.0075000000001,-195.60250000000002,-33.3585,-1.9397500000000076,21.563800000000043
2015,wind_offshore,4,720,-410.6515972222223,328.052826162521,411.28930555555553,525.4559169880741,-1086.78,14.1175,-329.73875,-117.3875,-15.177249999999972,-0.4860000000000163,11.235799999999976
2015,wind_offshore,5,744,-596.1292305107527,405.34526824021077,597.269432123656,720.7315770710271,-1426.065,75.505,-573.37,-215.706875,-81.41924999999993,-35.054749999999984,14.181425000000006
2015,wind_offshore,6,720,-505.17046875,417.83461689011773,510.18920486111114,655.3933851792847,-1561.0675,95.0925,-434.27,-146.944375,-21.357999999999947,22.01037499999998,55.939949999999854
2015,wind_offshore,7,744,-664.7595497311828,564.6232203372674,673.7225806451613,871.9381549807532,-1893.8725,239.9525,-516.3387499999999,-150.66312499999998,-15.645499999999995,25.929000000000002,118.14305000000022
2015,wind_offshore,8,744,-100.59948588709678,452.2447017924105,301.6539952956989,463.0017573435339,-1814.13,1185.115,-38.57125,88.269375,390.7482500000001,603.3490000000002,1045.7557500000028
2015,wind_offshore,9,720,182.2661284722222,271.30181643079084,240.11149652777777,326.68545800324495,-1179.9975,1230.705,135.70124999999996,325.186875,526.5152500000002,669.0034999999996,885.8489249999993
2015,wind_offshore,10,745,113.31473154362416,309.02797701995104,258.01811409395975,328.9533908335739,-1079.8424999999995,920.62,109.9875,311.78999999999996,483.6385000000001,617.9975000000001,797.4466999999993
2015,wind_offshore,11,720,89.59737499999999,332.0385639974466,248.97102083333334,343.691974204879,-1302.8775,1391.125,70.28624999999997,261.50125,480.0195000000001,648.0994999999998,997.390549999999
2015,wind_offshore,12,743,-87.13089165545088,389.5188455628594,316.6972442799462,398.88910426352817,-1388.8275,1279.0775,-161.60249999999996,48.64874999999995,564.2900000000006,734.7237500000001,1134.782150000003
2015,load,1,744,-5218.91097110215,2365.3454146289323,5257.015776209677,5729.255683168252,-12451.024999999994,3327.7674999999945,-5157.9749999999985,-3707.768750000001,-2305.237250000004,-1648.3952499999975,-262.3078499999804
2015,load,2,672,-5290.115985863095,1750.446381577409,5290.115985863095,5571.788766796036,-11454.477499999994,-472.8875000000044,-5317.701249999998,-4146.610624999999,-3188.9449999999924,-2499.2773750000015,-1048.753850000001
2015,load,3,743,-3171.1391722745625,1755.039577111098,3289.5170928667562,3623.829740741546,-9780.157500000008,3494.334999999992,-3385.5225000000064,-2268.1600000000035,-942.1444999999949,88.49725000000244,1689.1669000000034
2015,load,4,720,-2359.1389861111115,1557.699661237721,2462.467152777778,2826.410258825623,-8196.354999999996,1713.915000000008,-2363.306250000005,-1503.4462500000045,-301.7057500000027,378.51200000000324,1287.8654749999996
2015,load,5,744,-2199.702177419355,1906.119199376681,2507.757405913979,2909.8275922697107,-7484.177499999991,3539.5575000000026,-2486.329999999998,-1031.009999999993,386.113500000004,1389.201374999998,2811.863149999996
2015,load,6,720,-4443.7405034722215,2783.3825092220814,4448.327524305555,5242.450555758767,-14714.415000000008,558.6100000000006,-3611.007499999996,-2862.2750000000033,-1862.619000000001,-1004.6766250000073,-247.48284999999527
2015,load,7,744,-2173.7281754032256,1997.207178458874,2510.6320329301075,2951.0285249094723,-6932.827499999992,3066.959999999999,-2268.897499999999,-911.9556250000022,503.1270000000025,1505.735625000006,2692.3916000000013
2015,load,8,744,-1281.872926747312,1583.1822876984168,1713.5452990591396,2036.2454297765644,-4914.1624999999985,3492.3300000000017,-1433.877499999995,-181.59937499999614,944.0497500000017,1500.202750000001,2500.3200750000096
2015,load,9,720,-1941.7458472222222,2062.558403779588,2153.0744027777773,2831.716010914905,-12422.554999999991,3429.229999999996,-1695.0112500000068,-735.9837499999958,73.37074999999473,628.256749999997,2627.603474999987
2015,load,10,745,-3312.085845637584,1727.8404583704414,3419.4260335570475,3735.148993856539,-7211.072500000002,2559.377499999995,-3448.1424999999945,-2468.195000000007,-968.0900000000045,275.43399999999855,1511.9464000000055
2015,load,11,720,-3615.8616736111107,1743.5016775597749,3615.989562499999,4013.7304095490044,-12185.407499999994,46.0399999999936,-3316.6837499999965,-2470.324375,-1717.3874999999991,-1266.9000000000026,-654.7957000000042
2015,load,12,743,-1687.9792631224766,2847.4566668010934,2679.2512483176315,3308.530025928903,-8667.642499999994,9949.7875,-1792.4099999999962,-308.11499999999796,1601.5270000000005,3721.6062500000003,7643.576050000007
2016,solar,1,744,-20.10907258064515,526.9494790975485,211.32378360215057,526.9790396423871,-2638.227499999999,2560.9374999999995,-0.255,1.4325000000000012,269.4467499999999,630.9877500000001,2022.8229250000036
2016,solar,2,696,124.3957471264368,603.2475265993073,278.40186781609196,615.5152512613387,-3201.8599999999997,3722.16,-0.2575,135.3412499999996,709.3375000000001,1103.3481249999998,2404.8593749999964
2016,solar,3,743,-118.86497308209958,687.4276659529737,319.0056594885599,697.1726227448836,-4082.600000000002,2439.42,-0.145,8.740000000000002,311.48400000000044,638.9075000000005,1734.962600000006
2016,solar,4,720,-98.16827430555554,930.9068152017122,493.9540798611111,935.4255261222485,-5329.710000000003,3466.0424999999996,-0.16,30.371874999999978,662.6787500000002,1502.7697499999988,2600.438499999997
2016,solar,5,744,-66.77703629032256,926.9090581452455,495.17994623655915,928.6898239782589,-3382.7425000000003,4554.432500000001,-0.1325,80.78312500000061,620.1012500000005,1475.533375,2897.407300000007
2016,solar,6,720,-185.23524305555554,924.3477045058701,506.3980277777778,942.0955798036856,-5076.6925,4484.542500000001,-0.08499999999999995,53.286250000001644,497.18075,970.8078750000006,1844.2113249999993
2016,solar,7,744,108.58904569892474,705.3526647555263,400.62060483870965,713.1936971432978,-3191.5975,3258.392499999998,0.365,242.14249999999998,912.3367500000011,1433.1353750000003,2414.7140750000035
2016,solar,8,744,132.97425067204296,736.9641205525875,391.84548051075274,748.3770918096294,-2471.9025,3766.817499999999,-0.07,179.61749999999998,856.5172499999995,1640.1627500000022,2987.9695000000056
2016,solar,9,720,43.86732638888892,487.5708125024138,268.6415833333333,489.20288787463056,-2100.7175000000007,1767.8950000000004,-0.075,125.06437499999957,621.6692499999999,1001.144999999999,1456.1530249999973
2016,solar,10,745,118.63803020134226,579.8394929223724,278.29709731543625,591.4706467956355,-2462.612500000001,2960.522499999999,-0.2125,122.3,677.5129999999999,1175.2525000000003,2297.3817999999983
2016,solar,11,720,110.73666666666666,463.4335028275295,214.1578263888889,476.166912302195,-1527.5749999999998,2913.1525,-0.18,33.565624999999855,628.768,1072.8222499999974,1745.6301999999994
2016,solar,12,743,86.72484858681023,498.5542823758567,187.4519414535666,505.71043201990614,-1695.8024999999998,3219.4750000000004,-0.175,4.672499999999999,331.42149999999987,896.5164999999998,2514.8500500000014
2016,wind_onshore,1,744,-460.7945396505375,1713.6305710568663,1437.4850033602152,1773.390648803908,-6518.004999999999,4285.655000000001,-569.0262499999999,755.153125,1608.4280000000008,2229.8290000000006,3653.1207750000026
2016,wind_onshore,2,696,-645.5915625,1828.2559989961535,1369.8865193965516,1937.654765992981,-9745.104999999996,3871.0075,-484.2737500000014,414.13187500000026,1232.3062500000015,1962.3618749999982,3507.0192499999957
2016,wind_onshore,3,743,-791.2385834454911,1428.872284732894,1152.6404542395692,1632.4786738090056,-6856.057499999999,3347.8724999999977,-500.9324999999999,70.55250000000001,664.1695000000007,1141.7097499999993,1787.274250000002
2016,wind_onshore,4,720,-220.34727083333337,1144.0282986757272,819.3082083333334,1164.2748340137193,-4072.3300000000017,4269.335000000001,-58.471250000000055,448.94312500000046,911.2949999999998,1313.9649999999995,2061.872999999995
2016,wind_onshore,5,744,-266.31662298387096,1192.6007078275243,916.923504704301,1221.1917553003846,-4592.302499999998,3458.0475000000006,-153.2512499999998,413.5575000000001,1107.4120000000003,1601.6458749999995,2596.9632500000025
2016,wind_onshore,6,720,109.18159722222218,932.0454256149411,669.9852291666666,937.7754298097035,-3071.5675,3964.7925,111.7612499999999,571.7849999999996,1081.7499999999998,1431.303375,3277.0140749999923
2016,wind_onshore,7,744,18.86493279569894,1088.4371370922827,752.8955443548386,1087.8689969671277,-5251.282500000001,3144.665000000001,84.33125000000007,540.081875,1310.9167500000012,1780.1674999999998,2477.119225000001
2016,wind_onshore,8,744,-52.478555107526915,854.2382797428501,632.552372311828,855.2755268265745,-3270.5699999999997,2473.0550000000003,10.512499999999704,417.95875000000024,1011.9300000000006,1318.78,1846.596075000001
2016,wind_onshore,9,720,-35.40891319444441,715.4382377431145,527.8419826388889,715.8175450355856,-2715.755000000001,2867.015,-24.436250000000086,320.55187499999994,799.3497500000007,1238.463125,1785.2319499999992
2016,wind_onshore,10,745,-144.10814093959732,790.7570011731066,610.4319865771812,803.2586550092055,-2400.825,2134.8900000000003,-31.25249999999869,359.9424999999992,789.7210000000002,1066.6624999999997,1553.7950999999991
2016,wind_onshore,11,720,-431.27489930555555,1076.0472992267776,895.3042465277777,1158.5627584843198,-4295.834999999999,3339.6749999999993,-388.9625000000001,233.2450000000008,864.11725,1399.3101249999995,1928.3307749999947
2016,wind_onshore,12,743,32.884094885599005,1123.4743109728033,782.0247409152087,1123.1994968763574,-6826.529999999999,2712.1475,132.7874999999999,658.2875000000007,1283.103000000001,1549.2547500000007,2320.2822999999985
2016,wind_offshore,1,744,-64.22703293010751,275.2962545210271,211.49047379032254,282.50889168946617,-1007.3175,943.74,-68.78874999999994,62.41249999999995,300.72400000000016,481.3613750000002,643.3533500000013
2016,wind_offshore,2,696,-41.54215158045978,223.34077488472732,156.00381824712645,227.0136203720778,-794.6725,1085.35,-28.71250000000009,49.296874999999986,183.7249999999999,341.6406250000001,639.2609999999994
2016,wind_offshore,3,743,-0.6789737550471137,297.0796844732913,213.72505720053834,296.88047454328955,-1430.365,874.795,16.814999999999998,158.44750000000016,349.8710000000002,466.1969999999997,627.8634000000004
2016,wind_offshore,4,720,-28.078607638888894,322.44036186065404,245.27171180555555,323.43746761879873,-1443.5600000000002,863.2425000000002,5.377499999999994,181.50562499999998,337.03225,443.9827499999994,679.5995499999996
2016,wind_offshore,5,744,85.26934475806452,246.58483808751458,194.02312163978496,260.75509125028645,-541.3600000000001,942.0725,66.09000000000012,207.33812500000005,413.39175000000023,559.4378750000001,810.2547000000002
2016,wind_offshore,6,720,-32.18530555555555,273.3677684151948,194.48280555555556,275.06733561640436,-1255.7424999999998,899.8225,-6.106249999999987,90.62375,293.3777500000002,409.73024999999996,598.2624499999987
2016,wind_offshore,7,744,-7.090114247311826,237.79956339448862,171.6965120967742,237.74544337246854,-1172.3574999999998,802.8675000000001,7.038749999999979,117.06875000000015,269.4557500000002,406.89149999999995,559.4085500000014
2016,wind_offshore,8,744,-18.298209005376343,311.72557522583094,227.51702620967743,312.05296033605305,-1146.9625,940.6575,-8.438749999999999,157.74624999999997,345.8042500000002,496.6571250000001,783.8630750000011
2016,wind_offshore,9,720,7.4827083333333375,278.44390941059635,196.3679791666667,278.3510726628684,-801.6949999999999,1377.88,24.357500000000016,145.479375,262.7227500000001,358.5306249999996,1053.4645999999962
2016,wind_offshore,10,745,-46.71439597315436,244.80469128766543,182.14818791946308,249.06049386577638,-1255.325,572.6500000000001,-25.36999999999989,94.5275000000006,240.72349999999983,337.1654999999998,445.3227999999995
2016,wind_offshore,11,720,-40.007454861111114,237.59472175634284,183.56269791666668,240.77675081813842,-883.1450000000002,612.1725000000006,-30.862499999999983,118.95750000000002,253.9955,325.0898750000002,443.9414000000002
2016,wind_offshore,12,743,34.688711305518176,399.0672532375123,260.0890275908479,400.304433185254,-2018.5750000000005,2140.9300000000003,-26.440000000000055,176.44750000000005,480.83799999999997,643.1065000000001,1597.30895
2016,load,1,744,-4799.95279905914,3596.4361546153245,5000.122920026881,5996.375155403162,-15713.244999999995,5443.657500000001,-4746.056249999998,-2213.362500000001,-373.23574999999107,563.622624999995,2656.7673000000077
2016,load,2,696,-4040.927467672414,2835.0851326946863,4264.936569683908,4935.1042621203605,-14198.580000000002,3770.0374999999985,-4044.9600000000028,-2666.6175000000003,-386.9850000000042,981.1106250000012,2780.4021249999946
2016,load,3,743,-3803.8130551816953,1342.6443339412428,3805.5033109017495,4033.517240525549,-8417.732499999998,315.86500000000524,-3728.570000000007,-2956.772499999999,-2233.405,-1563.354499999999,-462.9141999999955
2016,load,4,720,-4130.574527777778,1730.239985558066,4130.574527777778,4477.858682255516,-8985.737500000003,-73.15750000000116,-4111.737500000007,-2879.7468750000044,-1852.9049999999972,-1235.7164999999998,-698.3389999999972
2016,load,5,744,-3798.8427083333336,1706.809324795264,3805.3828360215057,4164.191206592225,-10625.762499999995,551.4650000000038,-3752.5100000000057,-2759.4225000000006,-1617.3805000000025,-984.2182500000034,141.47847500000452
2016,load,6,720,-2940.7230833333333,1289.3623872679311,2941.085256944444,3210.6072093554308,-7107.224999999991,130.3824999999997,-2759.592499999999,-2077.7606250000044,-1458.377999999994,-1158.8743750000037,-575.322549999994
2016,load,7,744,-2619.028857526882,1170.6256239654692,2621.708387096774,2868.4202308019494,-6396.909999999996,612.8974999999991,-2425.0537499999955,-1825.3531249999999,-1285.3425000000032,-937.2509999999925,-390.784874999999
2016,load,8,744,-2808.5766767473115,1180.2861520418126,2808.5766767473115,3046.1953214949394,-6299.027500000004,-24.790000000000873,-2633.270000000004,-1927.1074999999946,-1356.1025000000006,-1100.2472500000022,-757.7874749999969
2016,load,9,720,-2145.0423090277777,1421.7839962248593,2185.4998437499994,2572.9105391735757,-6013.1524999999965,1384.2574999999997,-2023.947500000002,-1147.8318749999962,-446.01699999999767,-33.543875000000234,719.522675000002
2016,load,10,745,-3175.591355704698,1685.0681145060353,3283.172724832215,3594.4434423929056,-7476.107499999998,4152.8499999999985,-3195.242499999993,-2180.417500000003,-1365.8104999999991,-627.394000000002,2323.318199999992
2016,load,11,720,-3714.0627534722225,1837.426517178184,3717.332878472222,4143.152092875096,-10540.909999999996,742.9150000000009,-3349.109999999997,-2441.2068750000017,-1619.2285000000018,-1165.2931249999988,-529.832925000007
2016,load,12,743,-3851.4923620457603,1963.3560348580738,3915.8608479138625,4322.449794145602,-9202.197500000002,2931.7850000000035,-4048.524999999994,-2727.5625000000036,-1196.5695000000012,-492.31275000000227,996.8986000000036
2017,solar,1,744,-61.312231182795706,594.4316394890594,231.23386424731183,597.1877697186727,-3995.705,2156.4475,-0.1275,0.12999999999999992,243.02075000000028,512.5179999999999,1506.122200000002
2017,solar,2,672,-77.35081845238093,720.5165870172133,333.66723958333336,724.1234462033818,-3713.6550000000007,2764.8674999999994,-0.285,0.04499999999999993,426.92100000000005,891.287874999999,2047.778449999995
2017,solar,3,743,-103.1496870794078,811.4578433489578,382.0432671601615,817.4456962302069,-4797.557499999999,4105.6849999999995,-0.31,1.9175000000000004,470.6094999999994,905.9197500000009,2178.6268000000127
2017,solar,4,720,8.906149305555532,954.3162584341796,494.18830902777773,953.694894808344,-3912.365,4954.560000000001,-0.3025,105.7450000000001,830.1680000000015,1519.9718749999945,3052.6963750000004
2017,solar,5,744,-224.54212365591394,906.9342195853039,506.57628360215057,933.7254914092036,-4189.445,2977.5,-0.3162499999999999,24.188125000000007,442.4062500000004,969.6276250000017,2452.5767500000047
2017,solar,6,720,139.38495486111114,716.8697425124919,412.92485069444444,729.805892191541,-2278.802499999998,3309.5550000000003,-0.15625,278.2493749999985,984.4702499999992,1495.8357500000013,2517.2704249999997
2017,solar,7,744,-0.7287903225806467,674.3500360617167,370.2422043010753,673.8970855260173,-3590.630000000001,2660.1174999999985,-0.35124999999999995,97.80437499999994,708.8287500000015,1220.2233749999994,1875.4845750000027
2017,solar,8,744,56.54891465053764,651.6607554335026,360.94853158602143,653.67326548627,-2261.4799999999996,2713.687500000002,-0.28625,143.31250000000028,729.5095000000014,1251.5951249999998,2193.315175000006
2017,solar,9,720,118.90659375,533.6873504987818,281.1815729166667,546.4113649507123,-2587.2700000000004,2694.7824999999993,-0.34624999999999995,187.99562499999973,728.6807500000003,1110.0851249999992,1851.4916249999994
2017,solar,10,745,-101.48136912751679,497.49550859459595,240.90721476510066,507.41307846368125,-3072.9574999999995,1575.887499999999,-0.5,0.7625000000000011,214.66100000000006,536.0279999999987,1019.7194999999928
2017,solar,11,720,139.81996180555555,462.01928276161516,193.12006597222222,482.40539447246766,-1287.0725000000002,3299.6025000000004,-0.215,48.17937499999999,580.9267499999999,1073.1773750000002,2216.099199999999
2017,solar,12,743,64.87982839838493,402.66681650691623,142.98792395693138,407.5926067406749,-2762.545,3499.5350000000008,-0.17,3.5037499999999993,308.9330000000002,665.34125,1531.1343000000043
2017,wind_onshore,1,744,119.50575268817198,1311.3195318440883,997.2560887096774,1315.875869685702,-4370.8375000000015,4820.497499999998,155.77749999999992,844.4968750000003,1631.8915000000006,2430.4778750000005,4021.9243000000015
2017,wind_onshore,2,672,-369.0315029761905,1581.747303887612,1086.1817857142858,1623.0790743400137,-7246.7225000000035,2723.8225,-218.52374999999984,475.9068749999998,1303.9072500000002,1976.0558749999982,2495.3003499999986
2017,wind_onshore,3,743,-269.34081426648726,1629.2275658147246,1181.2374495289368,1650.2588934176624,-7567.977500000001,4287.642499999998,-149.8074999999999,671.52625,1570.6265000000024,2182.8467499999983,3212.9327500000013
2017,wind_onshore,4,720,44.634545138888924,1192.1759455209913,856.3411979166666,1192.183594442667,-4945.72,4130.360000000001,101.40124999999989,702.3812499999999,1364.1472499999982,1907.256875,2727.7678249999967
2017,wind_onshore,5,744,101.13811155913979,1213.6025890124138,854.1912903225806,1216.996528253145,-5528.337500000001,4832.297500000001,77.39500000000021,650.885,1633.1902500000022,2030.94825,3474.240400000013
2017,wind_onshore,6,720,-212.15045138888883,1314.2333036323612,916.0960277777777,1330.3451013804963,-6378.102500000001,4190.422500000002,91.76374999999996,510.72750000000036,1053.8564999999996,1455.2957499999986,2061.3345499999987
2017,wind_onshore,7,744,-213.74960685483873,1150.0415867440925,833.2389012096775,1168.9768446571263,-5056.202499999999,2356.062500000001,12.651249999999436,512.6718750000002,1007.7767500000004,1273.4841249999997,1809.1593500000017
2017,wind_onshore,8,744,-17.35181787634413,1005.0687758387045,749.2548891129031,1004.5429724275632,-4091.0300000000007,2965.8225,53.602499999999736,568.3650000000001,1216.2150000000001,1513.9632499999993,1987.9447750000013
2017,wind_onshore,9,720,-174.35822569444446,1321.0987080546233,877.5426006944444,1331.6450566941999,-5750.487499999999,4998.824999999997,72.28499999999968,481.81374999999997,963.4750000000005,1398.4084999999993,3261.2042999999985
2017,wind_onshore,10,745,-674.4916711409396,1777.6797651113138,1278.2992483221476,1900.2217122981808,-5553.782500000001,12056.267500000002,-669.7924999999996,68.58000000000015,676.6120000000005,1153.1705000000009,7080.637999999961
2017,wind_onshore,11,720,-299.93985763888895,1264.1248716362502,985.4493576388888,1298.366723467501,-4601.3375000000015,3898.3100000000018,-204.41625,447.7462500000007,1168.28575,1612.1374999999982,3048.2668999999873
2017,wind_onshore,12,743,-294.79159825033645,1592.3427787851308,1223.1474932705248,1618.3463844286953,-5413.9124999999985,4189.245000000001,-172.84500000000116,713.8500000000006,1433.8674999999998,2317.3387499999994,2794.11105
2017,wind_offshore,1,744,-52.15606182795698,388.6478023048042,266.2048185483871,391.8728731450061,-1693.44,1569.1375,-22.384999999999977,143.58875,314.845,487.49437500000084,1074.394600000002
2017,wind_offshore,2,672,-38.752819940476186,409.16875530817987,296.8584077380952,410.6966226455654,-1307.315,1504.0425,-34.90625,144.8175000000001,384.5249999999999,712.0549999999993,1099.9625999999998
2017,wind_offshore,3,743,19.415030282637954,410.59264017666135,283.3758243606999,410.77531581719427,-1970.83,1579.1925,28.825000000000003,206.2375,502.7174999999998,673.8810000000001,1064.669800000001
2017,wind_offshore,4,720,69.11309722222221,312.2202047362962,244.1230902777778,319.56640239826663,-928.2850000000004,1194.8075,48.733750000000015,254.21499999999995,477.298,613.7187500000001,861.2402499999994
2017,wind_offshore,5,744,123.47592741935483,378.9265373070372,287.5669892473118,398.29465764074456,-1335.4,1581.4874999999995,94.83749999999989,316.52875000000006,626.1492500000002,786.3161250000002,1084.359525000001
2017,wind_offshore,6,720,-87.15003819444443,322.4919515163011,240.83974652777778,333.843888719107,-1316.5975,1090.8425000000002,-38.21124999999999,98.71999999999991,252.26524999999998,385.16562500000003,682.9522249999994
2017,wind_offshore,7,744,-3.5545934139784903,430.85137606494914,291.53048051075274,430.57640064717816,-1704.11,1890.8775,12.78250000000001,156.66562499999998,434.41300000000024,820.8578750000001,1282.630775000006
2017,wind_offshore,8,744,-158.58028561827956,374.3032128108651,291.49948588709674,406.27858885794967,-1753.52,1114.8674999999998,-104.05874999999999,28.79062500000001,228.75900000000033,412.6971250000001,841.317700000001
2017,wind_offshore,9,720,-131.06397222222225,361.48960101387564,262.7069513888889,384.279850854821,-2582.1675,980.7975,-48.52999999999997,68.36187500000008,217.06475000000006,336.6114999999997,712.7234249999998
2017,wind_offshore,10,745,48.73854026845639,542.6542507932099,402.18894295302016,544.4757245149368,-1740.0775,1549.7124999999996,-59.875,328.3699999999999,891.8100000000001,1117.7335,1403.910899999999
2017,wind_offshore,11,720,31.154631944444453,591.2352109220965,428.71390972222224,591.6453219716354,-1393.9149999999995,2012.2275000000009,-43.11874999999998,200.74750000000014,919.1847500000001,1225.5328749999996,1804.2899249999994
2017,wind_offshore,12,743,-8.366174293405116,601.6818516402054,469.0220895020188,601.3350157244272,-1669.13,1700.3449999999998,-65.86000000000013,300.9062499999999,848.3925000000002,1149.9657500000003,1484.1020000000005
2017,load,1,744,-4512.414741263441,1825.2715654848935,4512.414741263441,4867.137259833328,-9590.910000000003,-295.64249999999447,-4456.7275000000045,-3159.8687500000015,-2217.541500000002,-1770.8374999999999,-845.7534250000001
2017,load,2,672,-1945.8612202380948,1684.956282567136,2139.1496651785715,2573.1748375540765,-6119.632500000007,2986.654999999999,-1997.9100000000108,-647.2993750000023,192.12975000000836,715.8579999999962,1923.5973499999945
2017,load,3,743,-1960.8354946164202,1803.8396039103254,2266.180979138627,2663.5190688527123,-7941.62999999999,3750.8574999999983,-2006.0400000000009,-992.880000000001,450.8504999999954,1136.0785000000071,2839.4145000000203
2017,load,4,720,-2579.64325,1861.3786246502605,2763.416673611111,3180.326642978941,-7015.0075,4553.042499999996,-2668.4399999999987,-1450.6650000000027,13.776249999996455,617.5820000000066,2392.6317749999425
2017,load,5,744,-2050.0376478494622,1448.486638558777,2152.5133400537634,2509.5712491579143,-7266.857499999998,1983.7825000000012,-2117.5937500000073,-1148.588125000002,-40.74725000000315,441.2921249999981,1013.6714750000071
2017,load,6,720,-1121.0831111111115,1282.014564776754,1389.5721666666666,1702.3824371242183,-4634.962499999994,2211.947500000002,-1101.4524999999958,-175.31562499999927,531.634999999995,1056.4732499999984,1613.5806249999957
2017,load,7,744,-955.0920833333333,1067.4510483341999,1209.758622311828,1431.8243981295618,-3327.6924999999974,1952.8525000000009,-1070.057499999999,-266.8174999999992,545.8772499999972,1001.0407500000048,1611.1995500000014
2017,load,8,744,-1696.1241162634412,1123.1207094051904,1785.67091733871,2033.8489903102025,-4571.05999999999,2653.5125000000044,-1733.8050000000003,-967.3431250000011,-323.0585000000019,138.92387500000243,1716.1443499999973
2017,load,9,720,-2564.406486111111,1459.8621654084602,2646.7097708333336,2950.325095885827,-6330.055,1574.3300000000015,-2646.803749999999,-1567.8043750000033,-773.5315000000061,-107.53187499999866,1175.5759500000065
2017,load,10,745,-2271.562110738255,1678.9270132741567,2461.480822147651,2824.0054391173285,-6730.387500000004,5014.894999999997,-2357.644999999997,-1231.8775000000023,-418.0870000000036,343.36050000000085,2725.366799999991
2017,load,11,720,-1931.4357395833333,1815.9914989541712,2203.12034375,2650.2242976286047,-10133.569999999992,4825.939999999995,-1855.75,-947.4743749999997,178.58849999999774,953.2097499999976,2981.0706499999983
2017,load,12,743,-1875.8726211305518,1705.9712720150267,2130.283758411844,2534.8213077556697,-7377.745000000003,5214.047499999993,-1908.270000000004,-874.5099999999984,163.1974999999926,960.7915000000012,2500.1458500000053
2018,solar,1,744,-32.634727822580636,497.2312068687838,193.27410954301075,497.9674569999088,-3629.2975000000006,2546.5299999999997,-0.3,-0.1325,145.57375000000005,527.1553750000004,1572.0041500000073
2018,solar,2,672,13.413348214285676,623.5127237783022,288.08508184523805,623.1929963025505,-3923.787500000002,2190.960000000001,-0.35124999999999995,33.824375,602.1652500000004,1053.1721249999998,1533.7844749999967
2018,solar,3,743,-223.11511103633916,808.6386292046094,384.9044717362046,838.3297140518497,-4789.457499999999,2446.414999999999,-0.345,-0.135,212.20999999999987,565.3879999999988,1405.5544000000034
2018,solar,4,720,-80.00035069444446,839.2286463634679,397.19953124999995,842.4527143923714,-4714.8449999999975,4194.952499999999,-0.2525,25.30624999999999,426.07475000000017,1018.6452500000005,2450.022449999996
2018,solar,5,744,39.75436491935486,663.4810793853355,370.0985719086022,664.2257718316854,-2295.9525000000012,3282.1425000000017,-0.17125,98.05499999999995,737.8222500000019,1137.5860000000007,2233.209300000001
2018,solar,6,720,29.346114583333364,913.897548528012,504.02278125,913.7340485736272,-2988.7075000000004,4474.9375,-0.24625,61.67937499999982,1038.4992499999992,1644.4569999999992,3425.8117749999956
2018,solar,7,744,91.82607862903231,694.7704030467077,365.6359643817204,700.3493009891395,-1969.4850000000008,3407.0525000000016,-0.11624999999999999,63.0937500000004,751.0737500000012,1468.094625000002,3026.1934500000034
2018,solar,8,744,77.24541330645164,752.4316056298935,406.8399899193549,755.8830704961426,-2380.2725000000028,4508.68,-0.62375,87.55375,978.1715000000012,1498.6407499999993,2491.3630500000013
2018,solar,9,720,-4.349194444444427,523.3959224829656,272.64977777777773,523.0504090143908,-2101.8699999999953,2572.0025000000005,-0.72,47.73312500000185,453.3557500000013,870.4731249999971,1784.6015999999968
2018,solar,10,745,117.83272483221474,601.7971435004579,300.1866510067114,612.8280610637848,-2881.012499999999,2945.875,-0.61,115.66749999999956,852.755999999999,1228.5619999999994,2371.2053999999957
2018,solar,11,720,164.54555208333335,587.419868768165,268.3474826388889,609.6376694515047,-2094.9350000000004,3729.185,-0.6625000000000001,70.67437499999991,798.37825,1411.0086250000006,2599.07964999999
2018,solar,12,743,36.98074024226111,496.46257676296113,166.67298115746974,497.50470920241895,-1839.91,4211.1825,-0.6725,-0.62,227.29550000000012,507.7054999999999,2594.674950000006
2018,wind_onshore,1,744,49.99503360215051,1813.7687444543067,1391.1922110215053,1813.2387722713033,-5448.4074999999975,6722.654999999999,178.48750000000018,1060.3731249999985,2197.0397500000004,3414.2757500000007,4557.890425
2018,wind_onshore,2,672,-178.0439248511905,1320.7439430391623,965.3658816964287,1331.7163442907943,-5059.810000000001,5014.237499999999,-104.52874999999949,525.0349999999994,1225.8027500000005,1769.0646249999945,3355.4462249999806
2018,wind_onshore,3,743,281.6679979811575,1249.7311692942662,1026.1104475100942,1280.2588800983906,-4114.4375,3742.135,381.9700000000011,1094.8662500000005,1758.5035000000007,2142.0362499999997,3345.6491000000015
2018,wind_onshore,4,720,-143.28031944444442,1600.3159986083242,1159.6978263888889,1605.6100352231726,-5677.057500000003,5520.080000000002,-69.28874999999971,614.6349999999998,1553.124250000001,2875.668624999999,4069.9910749999995
2018,wind_onshore,5,744,-57.26200604838708,1323.1312836440572,998.1143985215054,1323.4811186508205,-4237.932500000001,4467.552499999999,-11.221250000000055,732.1531249999999,1543.2217500000017,2042.04125,3409.9223250000027
2018,wind_onshore,6,720,-135.56303819444443,934.0486380519917,708.7037048611111,943.1926970792999,-4203.970000000001,2187.6800000000003,-11.141249999999673,462.4550000000004,926.0312499999999,1247.3243750000022,1599.1062749999965
2018,wind_onshore,7,744,-213.2546774193548,1080.81408585666,790.0046841397849,1100.9389353302367,-4645.9275,3243.9224999999997,-99.60625000000005,419.6956249999994,826.7090000000005,1225.084375,2490.5599000000147
2018,wind_onshore,8,744,140.23653561827962,1404.4945970602928,968.627436155914,1410.5389070100016,-9215.527500000002,3917.0149999999994,225.0949999999998,845.385,1569.0740000000003,2064.067,3458.366150000001
2018,wind_onshore,9,720,99.81543750000007,1502.4706019836244,1039.957111111111,1504.7410836206395,-5419.510000000002,7084.702499999999,122.13874999999985,738.93375,1539.0032500000002,2316.165874999995,5634.382299999991
2018,wind_onshore,10,745,-256.62511073825505,1342.1455646724974,941.7705067114096,1365.5743254898855,-5068.235000000001,5700.380000000001,-150.77000000000044,381.80250000000024,1100.1430000000007,1678.3840000000012,3897.4604999999992
2018,wind_onshore,11,720,-622.227045138889,1318.52464097732,1143.1820381944444,1457.140738293052,-4872.824999999999,3899.41,-533.8375000000005,314.1562500000002,983.0075000000002,1289.5955000000015,2150.294549999995
2018,wind_onshore,12,743,-106.93179676985191,1872.372245054773,1388.1412247644682,1874.164833811744,-8815.055000000004,5816.352500000001,41.522500000000946,986.9612500000012,2071.2715000000003,2782.6582499999986,4293.446100000009
2018,wind_offshore,1,744,-229.1144657258064,467.03583529958274,412.5042573924731,519.9257009361464,-1798.9975,1508.0899999999997,-191.99500000000012,136.19625000000002,322.5745,430.32937500000037,665.6258500000008
2018,wind_offshore,2,672,-338.50412202380954,451.48318533833367,433.2291369047619,564.0201931687723,-1721.7399999999998,937.8225000000002,-293.4437499999999,-44.52687499999999,194.8547499999997,357.3448749999995,618.5586999999983
2018,wind_offshore,3,743,128.39515477792733,731.5123533585163,514.671399730821,742.2098332462521,-2010.9925,2451.244999999999,66.9325,394.5637499999999,1044.7350000000006,1761.8965,2244.973600000005
2018,wind_offshore,4,720,49.08809027777778,567.5088409349752,387.60628472222226,569.2351103563411,-1543.8150000000005,2673.09,-8.332499999999868,248.9206249999997,680.1192500000002,1156.1077499999997,1960.6496499999978
2018,wind_offshore,5,744,319.92194220430105,547.4101279018627,453.6795766129032,633.723229263691,-1373.1524999999997,2329.735,234.25875000000008,592.6693750000002,1015.0090000000001,1340.830875,1869.33915
2018,wind_offshore,6,720,-67.81589930555555,362.5250772149178,265.89721180555557,368.5659966349475,-1552.275,1522.1450000000004,-15.117499999999978,130.444375,330.7055,423.6736249999998,701.8713749999997
2018,wind_offshore,7,744,-18.5392876344086,346.13194851487174,232.3825806451613,346.3957269032554,-1661.36,1349.9975,4.275000000000034,129.98000000000002,358.6567500000001,489.7445000000002,929.9517500000001
2018,wind_offshore,8,744,-143.50406249999997,466.07852949989785,332.84553427419354,487.3711490121677,-1845.885,1085.8574999999998,-29.471250000000047,95.03624999999998,348.0842500000001,520.4528750000002,834.3142000000016
2018,wind_offshore,9,720,47.85918055555555,378.1445028013668,280.6511666666667,380.9004652207704,-1153.1175000000003,1591.5449999999998,43.89000000000001,245.96624999999983,495.4514999999997,651.376749999999,1026.9283749999995
2018,wind_offshore,10,745,261.10109395973154,607.6682841696723,492.5582214765101,661.0135194138386,-1623.3550000000005,2799.6000000000004,185.46499999999992,602.49,1001.2340000000004,1389.6799999999994,1966.6390999999965
2018,wind_offshore,11,720,172.92451041666666,598.4230706200027,463.59115625,622.5075762711577,-1524.2125,1999.6725,122.80875000000002,479.8899999999999,1000.75775,1242.0897499999996,1821.7883749999996
2018,wind_offshore,12,743,-21.758320995962322,592.5515677301767,451.9392900403768,592.5522912327343,-2189.22,1845.4775000000004,-45.0,339.13000000000034,658.6580000000006,928.4489999999998,1760.1145500000002
2018,load,1,744,-2103.415517473118,2455.4503420480005,2510.146411290322,3231.9482373745714,-11722.155,2565.159999999996,-1929.4162499999984,-345.17687500000284,935.8849999999976,1379.8573749999957,2118.8308250000023
2018,load,2,672,-2239.1412239583333,2029.1076688682974,2418.5868936011907,3020.7456779751324,-8835.7975,2346.779999999999,-2037.697500000002,-971.898125000005,196.66225000000557,826.6087500000048,1487.9661750000012
2018,load,3,743,-2059.101672274563,2264.8088872922976,2530.851322341857,3059.7966294492335,-8394.095000000001,4284.120000000003,-2149.6024999999936,-496.2912499999947,896.5764999999931,1495.5140000000024,3806.4122500000003
2018,load,4,720,-2269.3747743055555,1592.418117314892,2344.35565625,2771.702615445553,-7086.4175000000105,1264.3400000000038,-2214.2475000000013,-1100.0968749999975,-221.07350000000136,271.5217499999999,872.2033249999992
2018,load,5,744,-1747.5278091397852,1479.2757098218535,1893.9965389784948,2288.9230795821463,-5360.857499999998,3027.6500000000015,-1724.6375000000007,-631.1056250000001,163.2937500000028,523.5898749999941,1345.1453500000007
2018,load,6,720,-1350.138864583333,1598.2667533742397,1715.0137951388883,2091.3592977272374,-5575.407499999994,3214.7450000000026,-1327.617500000004,-254.65687500000422,782.245499999993,1219.772124999997,2536.476999999995
2018,load,7,744,-600.7597849462366,1479.0615706584388,1312.2584677419354,1595.4921169777595,-4219.940000000002,2945.029999999999,-565.2800000000061,500.260624999999,1315.4125000000013,1719.7332500000061,2384.3287500000024
2018,load,8,744,-689.3242641129029,1265.4178461762688,1151.1181081989246,1440.242342568118,-4766.732499999998,3189.679999999993,-661.7749999999978,164.66437500000757,861.4745000000025,1456.0118749999986,2500.852975000001
2018,load,9,720,-1227.912274305555,1482.5663686436721,1571.6187256944443,1924.2449970903108,-5700.664999999994,4218.067500000005,-1261.0550000000003,-227.50062500000058,669.4362500000011,1215.6773750000038,1926.177874999991
2018,load,10,745,-1662.5534060402686,2069.4126930990574,2042.9628087248323,2653.451420678449,-9077.689999999997,5168.820000000007,-1459.5899999999965,-304.01500000001397,736.8215000000021,1330.8284999999942,2750.3391999999935
2018,load,11,720,-1746.825645833333,1625.3965668242163,1896.9467708333332,2385.2975729216187,-8283.757500000007,2627.925000000003,-1534.895000000004,-702.888124999994,119.7024999999957,579.8803749999869,1526.9316750000032
2018,load,12,743,-2232.035154777927,1922.1477862123174,2400.6085329744274,2944.7683152204886,-10217.4625,3946.3899999999994,-2075.854999999996,-995.5712500000009,30.070500000000365,635.2960000000004,1912.1964000000048
2019,solar,1,744,42.81477150537635,495.95647842743574,184.60321908602148,497.4689181373566,-1808.4449999999997,3171.5249999999996,-0.16,-0.1225,204.01475000000028,798.1583750000003,2347.342450000003
2019,solar,2,672,-117.1047433035714,534.1200854522965,238.23626116071432,546.4185725526693,-3552.3475,2172.640000000003,-0.1775,-0.1325,94.44149999999982,434.29274999999666,1245.4760999999994
2019,solar,3,743,-107.858098923284,676.5218029707836,331.3393169582774,684.6160440788472,-3520.7675000000017,2934.8999999999996,-0.3475,2.6625000000000005,361.9075000000017,750.8964999999996,1705.1132000000025
2019,solar,4,720,226.21209375000004,753.7768840117265,423.01952430555554,786.4873577550584,-2674.3575,2817.3199999999997,-0.1725,302.1575,1345.6289999999985,1886.7138750000006,2615.669674999998
2019,solar,5,744,-240.0982157258065,840.872661633989,502.98554771505366,873.9357113835819,-3512.9400000000023,2669.0874999999996,-0.265,6.521249999999998,472.3735000000008,896.3740000000014,2066.378725000001
2019,solar,6,720,-19.02158333333332,720.9242224291513,386.84115972222224,720.674479558111,-3517.7925000000014,3110.5499999999993,-0.22874999999999995,67.26562500000045,670.7095000000014,1170.3761249999975,2156.0402499999964
2019,solar,7,744,-29.478797043010726,821.7579750535409,470.91679435483866,821.734462182384,-2826.0,3186.260000000002,-0.1275,138.7912500000002,834.788,1177.9211250000017,2589.0599500000126
2019,solar,8,744,-44.31016465053766,700.5261448415345,385.2193850806452,701.4561124673332,-2201.7050000000017,3857.245000000001,-0.1275,56.844999999999516,576.9582500000015,1087.381124999999,2205.7980750000243
2019,solar,9,720,-76.14486805555552,612.0869911022448,328.9198888888889,616.3831419761684,-2888.2650000000012,1692.6275000000023,-0.12,51.79499999999999,502.0175000000004,850.560874999999,1389.4516750000003
2019,solar,10,745,96.73777516778523,718.543795349869,343.1665268456376,724.5483806379846,-4022.022500000003,3415.4475,-0.1125,98.20499999999991,820.0145000000006,1329.4130000000007,2381.288699999996
2019,solar,11,720,113.45107986111111,594.8589837615532,253.10503125,605.1750901478657,-1851.5175,4620.9800000000005,-0.1575,41.62749999999999,735.6565,1276.9958749999998,2562.44457499999
2019,solar,12,743,-37.9482537012113,350.995374651561,147.10408815612382,352.8059122853017,-1813.7474999999995,2223.6075,-0.18,-0.1425,119.13300000000024,345.27949999999976,1114.0793000000021
2019,wind_onshore,1,744,-77.75172715053772,1625.3124984862782,1283.2920026881723,1626.0797816983186,-4959.639999999999,7379.217500000001,-54.36500000000024,989.3606250000003,1925.0762500000003,2371.4298750000016,3656.510450000001
2019,wind_onshore,2,672,-590.9690587797619,1508.4590265489635,1166.2269308035713,1619.0450824279546,-8075.470000000001,4036.779999999999,-546.4375,319.08562500000016,923.5307499999999,1547.1606249999982,2834.8188999999993
2019,wind_onshore,3,743,-251.77366756392993,1396.67012859754,1087.214158815612,1418.256678910026,-5333.894999999997,4163.5875,-261.8675000000003,578.4875000000011,1461.2510000000004,2056.399249999999,3137.5441500000024
2019,wind_onshore,4,720,-273.45365972222226,1626.834986633183,1265.26925,1648.542736911796,-8536.265,4707.7425,-203.45250000000033,759.8175000000001,1755.4122500000008,2197.958499999998,2890.9814499999993
2019,wind_onshore,5,744,195.88641465053763,1204.1673835020395,924.6066969086021,1219.1971229249102,-3844.5975,3741.8449999999975,150.09500000000025,922.477499999999,1875.8480000000018,2229.04275,2889.757350000001
2019,wind_onshore,6,720,132.47049652777778,1261.8014515679365,905.9059965277778,1267.8643563258331,-4788.9725,8565.669999999998,176.8237499999999,743.9125000000006,1484.3102499999995,2030.1925,3319.978474999999
2019,wind_onshore,7,744,122.99176747311827,1013.467576502718,773.3448118279571,1020.2269210915166,-3054.7675,3569.1525,98.64625000000012,699.9031249999999,1402.6760000000006,1847.4563750000007,2806.4101500000015
2019,wind_onshore,8,744,-73.81539650537633,982.0251172793002,714.9377486559139,984.1371058013224,-5682.3825,3320.4275000000016,-35.242499999999836,445.6037499999999,1090.2022499999996,1546.8632499999999,2342.006425
2019,wind_onshore,9,720,-308.4076145833333,1178.3662236149316,933.3093229166666,1217.2648340641733,-4513.762500000001,2728.6850000000013,-174.6537499999996,557.9581249999999,1052.53775,1317.4304999999997,1926.1078999999986
2019,wind_onshore,10,745,-416.6979731543624,1735.3436925312908,1315.6342617449666,1783.5393913754197,-6390.9925,4712.762500000001,-285.6899999999987,553.8649999999989,1432.682000000001,2415.9250000000006,4097.232099999985
2019,wind_onshore,11,720,36.1739374999999,1530.7089385968045,1125.4646597222222,1530.0732481705986,-5391.197500000002,5061.012500000001,71.73499999999876,831.0643749999998,1723.3037500000005,2648.6053749999955,4111.024349999999
2019,wind_onshore,12,743,-356.9832065948857,1873.1545693051735,1379.0299562584119,1905.6292130476488,-6445.387500000001,10309.6375,-395.9249999999997,580.9587500000007,1641.2920000000038,2644.817,5626.522250000013
2019,wind_offshore,1,744,160.28209341397852,662.8950902053804,462.90894153225804,681.5640971329946,-1516.9150000000002,2946.2525,64.28125,382.44999999999993,925.2865,1510.9203750000008,2429.9016250000086
2019,wind_offshore,2,672,143.63862351190477,535.7255871363234,426.35813988095236,554.26245832568,-1779.12,2032.7649999999992,134.53374999999994,491.92500000000007,774.431,965.2328749999994,1713.1205999999981
2019,wind_offshore,3,743,32.49734185733515,641.9786983563359,503.8336406460296,642.3690790405223,-1460.1549999999995,2199.3775000000005,32.225000000000136,431.77250000000004,900.2719999999996,1069.7017499999997,1568.338250000001
2019,wind_offshore,4,720,39.64590972222223,504.37870957456397,374.9507777777778,505.5851564644722,-1367.8125,2023.4049999999995,21.49249999999998,291.09749999999997,638.48275,947.7804999999993,1513.3858749999988
2019,wind_offshore,5,744,-47.765399865591405,468.76326273152955,353.3507358870968,470.8770346889636,-1534.5100000000002,1379.8575,-32.690000000000055,208.8549999999999,505.2565000000001,767.7622500000003,1197.1446000000008
2019,wind_offshore,6,720,124.71903125000001,484.48526052655086,357.1127048611111,499.9547940914171,-2100.395,2116.47,77.81375000000003,349.5575000000001,749.1505000000001,1049.176375,1458.8495999999993
2019,wind_offshore,7,744,78.19645497311826,406.02378642818803,306.6486659946236,413.21715960398814,-1313.665,1834.64,53.09000000000003,307.0550000000003,588.81275,819.8363750000004,1108.5156499999998
2019,wind_offshore,8,744,-50.57527889784945,461.6457831678453,356.7681149193548,464.09938655560114,-1592.1425000000002,1871.28,-21.908750000000026,219.6406249999997,474.8155000000003,688.5332500000001,1203.378500000006
2019,wind_offshore,9,720,-47.43954861111112,556.8096804983116,383.45349305555555,558.44151358618,-2057.1700000000005,2472.8974999999996,-50.56124999999997,193.02999999999997,467.9739999999999,747.1908749999999,2128.123499999993
2019,wind_offshore,10,745,-38.30727516778524,612.3343537136346,471.60165100671145,613.1211258528068,-2207.055,1874.19,-28.3775,289.17500000000007,848.8730000000004,1030.6869999999994,1422.1351
2019,wind_offshore,11,720,-129.4970173611111,623.8819270269804,478.05601736111106,636.7554797697304,-2936.965,2050.365,-58.92624999999987,254.08749999999992,573.5659999999999,801.4513749999992,1439.245174999996
2019,wind_offshore,12,743,39.72287012113053,682.3480682652323,512.1451716016151,683.0447609443502,-1766.6825000000003,2426.4424999999997,-16.38499999999931,402.7762499999999,835.2065000000006,1348.0924999999993,2090.106850000003
2019,load,1,744,-3016.043135080645,2273.755437721109,3179.7287802419355,3776.1794325972924,-11321.585,6673.310000000005,-2893.1775000000052,-1532.602500000003,-281.3535000000039,203.82312500000373,1973.299025000003
2019,load,2,672,-1752.7294717261902,1493.5359475000305,1962.2794494047616,2302.0405748911917,-7385.830000000002,3812.215000000004,-1758.6812500000015,-903.6887500000065,102.68749999999547,796.5117499999973,2311.2443999999964
2019,load,3,743,-2273.5842866756398,1294.28980847921,2314.170699865411,2615.7440609337973,-7367.055000000008,1373.3050000000076,-2272.487500000003,-1385.5375000000058,-635.194500000006,-220.26924999999696,670.239799999998
2019,load,4,720,-2474.9410486111115,2071.2218061963977,2863.0407569444446,3226.350056504216,-8195.145000000004,4971.305,-2749.971249999995,-1598.4475000000002,480.53975000000713,1557.4368749999874,3426.695999999991
2019,load,5,744,-3289.946827956989,1825.2346799277407,3334.1371102150533,3761.7487914128765,-7401.447500000002,1379.7850000000035,-3286.6974999999984,-2083.4500000000025,-685.8375000000011,-152.36887499999887,919.3724500000071
2019,load,6,720,-2442.0052256944446,1820.8687437760095,2564.7909826388886,3045.3813481718844,-6873.5,2958.3699999999953,-2430.5099999999984,-1014.5937499999982,-167.1302500000014,339.4227499999981,1493.1459750000001
2019,load,7,744,-863.9949059139784,1260.1419611899316,1222.6584610215054,1527.1904295030772,-5556.254999999997,3053.1175000000003,-835.2862499999937,-123.43312500000684,648.8764999999971,1339.8693750000048,2420.7966000000015
2019,load,8,744,-1411.5660416666667,1528.644423301493,1694.997305107527,2079.935495344847,-6540.574999999997,2807.2675000000017,-1379.0325000000012,-458.1293750000004,608.0202500000061,1173.2341250000015,1896.8345750000035
2019,load,9,720,-1915.106291666667,1616.1115668194484,2098.7243333333336,2505.158913470021,-7219.729999999996,2282.354999999996,-1852.0674999999976,-827.6725000000024,169.9455000000052,742.8154999999966,1644.7123750000012
2019,load,10,745,-2233.5838859060405,1617.4488942186726,2399.617859060403,2757.0865605255735,-6241.932499999995,2587.6699999999983,-2442.862500000003,-1076.2425000000003,35.48500000000402,718.4160000000015,1878.670299999987
2019,load,11,720,-2754.6695104166665,1897.5473060076215,2923.3846493055553,3344.2321895594796,-8234.702500000007,3444.7974999999933,-2817.618749999998,-1634.5581249999886,-219.23525000000063,667.1101250000031,1817.0710499999982
2019,load,12,743,-1024.0588728129208,2585.1151479569257,2239.329828398385,2778.942699765991,-6554.415000000001,6882.439999999995,-916.507500000007,832.327500000003,2367.532500000008,3022.7440000000015,4798.173250000002
2020,solar,1,744,-25.13066196236559,532.3612495073016,204.42980846774194,532.5965872444615,-2932.3774999999996,3033.0725,-0.165,-0.12,211.51825000000022,466.737,2033.4855750000092
2020,solar,2,696,-37.30769755747128,601.1512956398317,275.70764008620694,601.8766620083118,-3949.5824999999986,3002.7475000000013,-0.1575,-0.105,427.28125,874.6018749999989,1437.8822499999944
2020,solar,3,743,-4.324091520861357,872.9148395383052,434.3790040376851,872.3379329935262,-3760.465,4444.7800000000025,-0.4599999999999999,71.23000000000013,735.2545000000001,1298.0455000000004,3080.758200000002
2020,solar,4,720,-65.45861458333333,648.5385915513674,307.7444826388888,651.3854197684489,-4330.605,3674.4500000000007,-0.425,76.56812499999995,369.5724999999992,740.0638749999973,1356.9816749999973
2020,solar,5,744,-85.84120631720428,1020.1970425122734,559.9498420698925,1023.1186592111231,-4341.755000000001,3587.0499999999993,-0.42,102.17375000000011,956.5010000000007,1566.7506250000015,2683.426100000002
2020,solar,6,720,55.03199999999999,868.223432255418,470.4255,869.3638411676819,-4060.489999999998,3873.02,-0.40874999999999995,229.01500000000033,959.3725000000003,1348.5434999999982,2869.709774999999
2020,solar,7,744,-82.33582997311828,795.5051011322498,435.4144186827957,799.2227343263817,-3523.217499999999,4041.842499999999,-0.20125,113.93562499999993,620.0907500000012,997.8479999999988,1968.4586000000013
2020,solar,8,744,69.11015456989246,671.8392286496575,361.2106048387096,674.9351711581119,-2804.9349999999977,3825.604999999996,-0.135,182.36374999999998,742.8887500000004,1091.1757499999997,2278.6410250000017
2020,solar,9,720,49.415444444444475,682.1870528096757,348.5291458333333,683.5017931252896,-3711.4025,3406.4725,-0.425,166.95687500000005,627.5027500000002,1039.5737499999989,2524.7342499999886
2020,solar,10,745,90.17331208053692,555.1098637380404,258.96127181208055,562.0182976996416,-2399.2625000000007,3549.4675000000007,-0.3575,102.67999999999984,575.483,1061.2269999999996,2142.4788999999982
2020,solar,11,720,148.2788611111111,678.0707458274138,306.60171527777777,693.6338902868192,-2371.954999999998,3952.3225,-0.8125,86.84062499999999,779.0795000000014,1314.276125,3200.874199999987
2020,solar,12,743,1.6940242261103682,477.4962602842577,183.26111036339165,477.1778291515988,-2601.914999999999,3446.9649999999997,-0.88,-0.7112499999999999,230.91900000000035,563.2652499999997,1492.8799500000011
2020,wind_onshore,1,744,-108.85079301075274,1746.1651073054509,1300.831606182796,1748.3829198411952,-9112.0025,4049.369999999999,177.25624999999854,923.1875000000028,1935.2180000000005,2397.7256249999996,3166.9106000000006
2020,wind_onshore,2,696,36.029116379310324,2111.722642340464,1633.4171264367817,2110.512608580627,-6357.035,8581.372499999998,-23.172499999998763,1300.0974999999962,2559.5262499999953,3611.0525000000007,5569.276374999984
2020,wind_onshore,3,743,-645.7561103633916,1659.638488453772,1376.7908546433378,1779.8015994214438,-6881.625,3998.022499999999,-549.3799999999997,399.1724999999998,1389.0354999999995,2036.4022499999983,3344.6208500000034
2020,wind_onshore,4,720,-89.94790624999999,1301.7856586590601,939.8165243055555,1303.9872898408698,-5185.232500000002,7628.779999999999,-44.15625000000023,557.7968749999998,1419.4267500000005,2073.366750000002,2982.547174999999
2020,wind_onshore,5,744,74.93915994623656,1239.4728663972953,872.4459139784947,1240.9044904022376,-3999.5774999999994,6239.795,100.30124999999998,611.8487500000001,1395.429500000001,2074.1793750000015,4351.818900000001
2020,wind_onshore,6,720,194.0512326388889,1501.7515246791081,1029.30296875,1513.2023065288774,-7281.2925,5195.1525,266.4387499999998,918.5193750000001,1700.4989999999996,2384.885749999999,4025.5032249999845
2020,wind_onshore,7,744,0.8881451612903357,1551.1420920770042,1004.3336827956989,1550.0995617953085,-8172.655000000001,7608.182500000003,162.0687499999999,684.1999999999989,1342.3917500000005,2266.1042500000003,4210.330750000026
2020,wind_onshore,8,744,-170.56737567204303,1099.773072080231,817.6032157258064,1112.1907959449306,-4674.535,3642.1325,-33.451250000000186,472.06562499999984,994.332500000001,1464.7387500000002,2480.343350000002
2020,wind_onshore,9,720,86.97747569444441,1310.6529931635419,979.6976840277778,1312.6273274554042,-6476.897500000003,2845.665000000001,229.79499999999985,852.953125,1705.7937500000003,2107.63825,2661.276149999999
2020,wind_onshore,10,745,-157.24825503355703,1230.9464604976472,930.7926979865773,1240.1299680437062,-5137.625,3533.675000000003,-83.20499999999993,596.3650000000016,1288.0519999999997,1730.8009999999963,2706.5351999999975
2020,wind_onshore,11,720,-124.66151041666672,1241.3164529485823,913.1009756944445,1246.7024248506948,-3176.8250000000007,6072.075000000001,-95.25625000000026,459.1500000000003,1310.764,1811.0904999999996,3548.0118499999912
2020,wind_onshore,12,743,46.79916554508748,1429.9140552855831,1039.693250336474,1429.7176215902862,-6150.947499999998,4436.407500000001,122.32750000000124,757.53375,1612.514000000002,2609.2057499999987,3857.545200000004
2020,wind_offshore,1,744,28.993870967741945,645.5899560047108,472.26651209677425,645.8071222008675,-3054.1125,1782.535,-1.4099999999998545,377.50312500000007,866.6380000000004,1252.778,1439.5843500000005
2020,wind_offshore,2,696,143.47220905172412,656.7869348798049,492.19718031609204,671.813641898697,-3467.0474999999997,2487.88,96.28624999999965,462.7581250000005,1016.9587500000002,1401.9743750000002,1937.1216249999998
2020,wind_offshore,3,743,146.09037685060565,785.5371008407864,581.5786339165545,798.4863339687845,-1743.775,3098.1775,108.53999999999996,500.1612500000001,1219.3804999999998,1639.3670000000002,2277.2242000000037
2020,wind_offshore,4,720,191.46427083333333,540.1801956422721,400.54550694444447,572.7546948138462,-1295.4975,2464.405,122.54249999999986,468.9375,746.1435000000007,985.03325,2214.91725
2020,wind_offshore,5,744,227.19846438172044,591.6213768969269,406.5960853494623,633.3755161061222,-1736.565,3074.9224999999997,139.95999999999992,371.7850000000001,908.6342500000003,1279.7661250000003,2344.234725000001
2020,wind_offshore,6,720,110.89115972222221,605.9924216464682,434.1531527777778,615.6408264193543,-2748.0974999999994,2492.984999999999,117.39000000000001,404.79562499999986,718.0820000000002,963.9869999999993,2266.622999999992
2020,wind_offshore,7,744,-34.82730846774193,402.3529264897306,282.51718750000003,403.5879428784011,-1656.7925000000002,1466.8824999999997,9.691249999999997,165.9006250000001,351.90375000000006,552.549625,1383.2810750000017
2020,wind_offshore,8,744,24.094630376344085,593.8851080604086,443.42557123655916,593.9747589688925,-2273.0874999999996,1824.4175000000005,92.35125000000001,337.0262499999999,682.3022500000001,973.175750000001,1594.903750000002
2020,wind_offshore,9,720,-116.92723958333333,636.3756780648546,451.7239618055556,646.5937821346163,-2739.4600000000005,2542.005,-80.08250000000004,142.5375000000001,550.9307500000002,1040.998249999999,1978.0517249999975
2020,wind_offshore,10,745,-294.1415302013423,538.1391101713155,476.65462416107385,612.9634779550724,-2389.8349999999996,1186.1124999999995,-261.71749999999975,61.889999999999986,382.09499999999997,546.5959999999995,846.5000999999992
2020,wind_offshore,11,720,123.11467708333332,730.39831782397,531.7684201388889,740.2013101745637,-1510.3075,2890.8124999999995,-9.703750000000355,450.79250000000013,1147.8990000000001,1745.2433750000002,2107.926175
2020,wind_offshore,12,743,-106.39725773889637,646.4198886342183,492.585898384926,654.6882120291133,-2477.8349999999996,2566.085,-65.64250000000004,293.71624999999995,641.6070000000007,799.0105000000001,1721.0480500000117
2020,load,1,744,-2101.115134408602,2373.5767910632267,2645.9322043010748,3168.7504145206403,-8460.010000000002,4983.155000000006,-2181.0725000000057,-704.0774999999994,1267.9092500000015,2042.0399999999997,3335.767474999998
2020,load,2,696,-1917.5432255747126,1396.8523861377985,1983.2676149425283,2371.785227888862,-5897.2149999999965,2018.6725000000008,-1910.6887500000012,-781.4768749999967,-190.3924999999981,203.40312500000618,768.2956250000007
2020,load,3,743,121.7678633916554,2425.476693233873,1916.5303263795427,2426.9006543549262,-7306.989999999991,5657.590000000004,-4.739999999990687,1839.3150000000023,3582.5155000000004,4034.2137500000026,4699.097900000005
2020,load,4,720,564.1375590277778,1572.6766995030123,1365.847239583333,1669.7688555929954,-3623.2899999999936,3982.365000000005,624.4162499999984,1650.1856249999983,2679.0809999999974,3173.6916250000004,3617.5182249999934
2020,load,5,744,87.69307459677404,1651.768755662936,1249.885991263441,1652.9860779301162,-5454.175000000003,8277.727499999994,215.88750000000073,1130.7581249999967,1776.5390000000023,2310.5347500000007,4026.2284500000005
2020,load,6,720,-506.44182291666675,1122.8320782047135,989.4696979166666,1231.050019931223,-3615.082499999997,3476.4424999999974,-540.2125000000015,210.8268750000025,881.4697499999988,1508.475875000001,2407.043399999994
2020,load,7,744,-788.7692002688169,1326.8714358752902,1110.2151142473117,1542.8474575190455,-5212.5999999999985,2695.645000000004,-514.5374999999985,122.72624999999788,626.2267500000002,909.4909999999973,1575.730750000004
2020,load,8,744,-1488.4107090053762,1294.3936270645765,1624.2269052419354,1971.945573540986,-5039.94249999999,1706.7324999999985,-1429.416250000002,-635.3681249999972,124.61650000000235,645.507999999997,1143.563925000001
2020,load,9,720,-1988.125003472222,1421.545123844094,2073.21553125,2443.486221575596,-6420.0999999999985,1560.0724999999948,-1914.6024999999972,-1068.234375,-230.6537499999957,333.0046249999948,1126.239225000001
2020,load,10,745,-1864.6539765100677,1670.5073953026076,2047.2020234899333,2502.755210729075,-7275.792500000003,2388.7750000000015,-1705.5899999999965,-676.1074999999983,209.03400000000556,637.3660000000012,1833.7817999999966
2020,load,11,720,-2059.9189409722217,1610.0178565216222,2236.0865243055555,2613.7756833643807,-7240.2225000000035,1871.354999999996,-2094.9449999999997,-1031.0874999999978,232.1494999999996,787.173124999999,1391.8955750000011
2020,load,12,743,-2097.975272543742,2350.9967189812487,2592.2509387617765,3149.8010739295396,-8802.835000000006,4704.375,-2183.9550000000017,-605.0550000000003,887.490999999996,2018.0929999999987,3498.1223500000033
2021,solar,1,744,50.547177419354824,384.87703176077156,153.62717069892471,387.9255686555093,-1687.09,3471.5175,-0.8925,-0.3093750000000001,338.9047499999998,673.50225,1247.7430000000006
2021,solar,2,672,54.17198288690476,685.3937388267941,335.36001860119046,687.022653572995,-2861.510000000002,2636.8624999999993,-0.36,33.50249999999999,701.8907500000001,1396.5102499999987,2219.991974999999
2021,solar,3,743,-72.87370794078059,1071.5097916891903,483.0047644683715,1073.2653652257297,-6293.18,6511.717499999999,-0.5925,24.906249999999968,595.4220000000021,1168.8827499999998,3211.869450000014
2021,solar,4,720,-44.84721875000004,1099.8974739351138,576.0784062500001,1100.047946183432,-5577.095000000001,5408.210000000001,-0.61375,52.86937500000003,852.4597499999999,2022.6043750000013,3504.251349999997
2021,solar,5,744,-79.64292002688168,838.9050360499853,462.0025705645162,842.1156322093875,-4477.5875,4017.2024999999994,-0.4675,76.77499999999986,641.3854999999991,1185.1126250000007,2732.7102250000075
2021,solar,6,720,48.96892708333333,727.6399449943473,412.37191319444446,728.7815066351227,-3042.567500000001,4400.664999999997,-0.3575,199.15562499999973,761.859749999998,1294.4262500000011,2287.5377999999982
2021,solar,7,744,232.28418346774194,774.2109991237505,459.40752352150537,807.807504484767,-1828.0024999999987,4113.4925,-0.25875000000000004,397.0637499999984,1240.7515000000003,1739.9822499999996,2947.698225000006
2021,solar,8,744,37.28004368279567,679.576423953959,371.7849092741936,680.1420339255179,-3879.3550000000014,2391.337499999998,-0.25125,196.816875000001,788.3930000000008,1131.7291250000014,1653.3417000000027
2021,solar,9,720,238.2447291666667,814.6554850902849,428.5196597222223,848.2348468553927,-2893.2475000000013,4462.982499999998,-0.3,301.0456250000001,1214.0157499999987,1890.664374999998,3110.8759499999965
2021,solar,10,745,71.09831543624162,782.3676218567927,371.43474496644296,785.0684407510311,-2915.9400000000023,4778.4725000000035,-0.36,87.21249999999999,616.5629999999998,1483.1359999999947,2865.583099999994
2021,solar,11,720,122.46593402777776,759.8522199086534,313.8405868055556,769.1367829099344,-5199.317500000001,3597.6425,-0.3275,50.91624999999999,797.2570000000004,1469.360749999998,2845.7379999999985
2021,solar,12,743,-19.183765141318986,359.7918648314409,134.7861742934051,360.06107326838975,-3848.642499999999,1190.4725,-0.365,-0.305,245.31900000000047,395.2242499999998,745.631200000003
2021,wind_onshore,1,744,214.76521505376337,1500.1240408169303,1189.9481787634409,1514.421190323337,-4252.345000000001,4293.3825,151.51124999999996,1144.9468749999994,2246.204500000001,2782.2641250000024,3577.640425000001
2021,wind_onshore,2,672,-119.85366443452374,1512.2451936826988,1113.021216517857,1515.8652061558016,-5147.174999999997,5360.1625,-201.82374999999956,647.8849999999998,1609.7297499999984,2152.4109999999982,4575.668450000002
2021,wind_onshore,3,743,-60.60781965006728,1348.3375884647626,989.7581426648723,1348.7923131233658,-4908.602499999997,8083.485000000001,20.467499999998836,712.9675000000022,1283.2479999999998,1819.4322500000005,3393.6978999999997
2021,wind_onshore,4,720,-45.36989583333331,1468.978676510621,1111.6257777777778,1468.6591498527898,-5984.817500000001,5558.842499999999,-21.70999999999981,817.9106249999999,1602.1777499999996,2138.9252499999993,3954.800324999994
2021,wind_onshore,5,744,133.06708669354842,1441.8907631359698,1015.6321202956989,1447.0526603118317,-4731.55,6265.802499999998,14.28125,751.3543749999999,1689.79625,3093.7476250000022,4318.286850000004
2021,wind_onshore,6,720,122.58367361111112,956.4328650205712,689.9098402777777,963.5974662765301,-3629.9525000000017,3207.655,91.52124999999978,566.0874999999994,1284.3195000000005,1780.0069999999973,2643.158425
2021,wind_onshore,7,744,56.26404233870966,1278.4340586706103,940.3460450268817,1278.8129336149818,-4789.4475,5761.8775000000005,24.383749999999964,766.319375,1479.3057500000002,2273.9872499999997,3433.259750000002
2021,wind_onshore,8,744,165.61794690860214,1004.3706834983817,740.4290154569892,1017.2678670648288,-3566.4674999999997,5480.064999999999,134.57000000000016,678.1875000000001,1390.6185000000012,1767.7767500000007,2661.542850000003
2021,wind_onshore,9,720,-102.41774652777774,916.5650274489662,650.833017361111,921.6366153025998,-4378.280000000001,2688.397499999999,8.622500000000002,446.0662500000001,903.6400000000003,1172.7173750000002,1708.812174999995
2021,wind_onshore,10,745,-286.344211409396,1459.6040983429734,1062.3500436241611,1486.4647573236055,-6225.4025,6470.262500000001,-236.76249999999985,541.119999999999,1296.7765000000002,1672.107499999999,4556.650299999974
2021,wind_onshore,11,720,-402.48919791666674,1512.152813511594,1054.25934375,1563.7863805524876,-8562.9575,4418.775,-194.63875000000007,443.191875000001,1087.7570000000003,1541.497749999998,2803.410324999992
2021,wind_onshore,12,743,-6.3091722745625205,1755.2484230403545,1365.6563930013458,1754.0781819162585,-5593.067500000001,5537.602500000001,-192.0450000000019,960.053749999999,2556.553000000001,3248.245499999999,4353.753700000005
2021,wind_offshore,1,744,35.26878696236559,752.7413810087027,520.8071807795699,753.061676458651,-2551.965,2921.49,39.138750000000186,307.76750000000004,836.8479999999998,1378.9365000000014,2825.7036500000004
2021,wind_offshore,2,672,-119.71690848214283,692.5360277203085,555.6146763392857,702.2995003840099,-1824.4700000000007,2427.0725,-177.05499999999984,258.11,852.2900000000001,1242.2872499999999,1759.9329999999945
2021,wind_offshore,3,743,-24.503805518169592,579.6860117410105,410.8468270524899,579.8137974264338,-2126.2474999999995,2028.9575000000004,17.532500000000255,279.43625,581.3559999999994,811.5427499999996,1825.1589500000007
2021,wind_offshore,4,720,227.30980208333332,597.2436277056319,453.04169097222217,638.6503584589659,-1387.7250000000004,2562.3599999999997,152.90250000000003,474.2618750000001,1018.0797499999998,1338.55775,2046.4497
2021,wind_offshore,5,744,79.3591431451613,539.8115515563317,359.26843750000006,545.2547320445532,-1560.2600000000002,2978.9575,35.18000000000001,266.4875000000002,705.4717500000003,989.4258750000005,2182.5399250000064
2021,wind_offshore,6,720,2.612288194444429,553.8203816630052,372.2471909722222,553.4418156776726,-2821.88,1742.6524999999997,59.203749999999985,252.94187499999984,558.9692499999999,794.2069999999999,1401.0019249999984
2021,wind_offshore,7,744,29.579122983870967,410.73753245135526,295.98388776881717,411.525807960569,-1294.1124999999995,1993.1,46.31875000000002,232.52062500000002,530.9342500000002,716.3613750000002,1064.0977250000017
2021,wind_offshore,8,744,-101.01852486559142,466.0655770491544,338.1856619623656,476.58147884566546,-2104.7249999999995,1736.9700000000005,-47.40625,113.689375,427.51200000000057,611.1725000000002,964.4663500000005
2021,wind_offshore,9,720,4.1806527777777776,757.8360525846863,427.68637499999994,757.3211340391153,-2798.2575,3930.86,5.5449999999999875,144.911875,527.2650000000007,1129.3179999999966,3062.887574999998
2021,wind_offshore,10,745,-47.67388926174499,720.9816421426553,526.4661040268456,722.0731198446407,-2149.4799999999996,2497.6000000000004,-36.58999999999969,326.8874999999998,695.6069999999993,1272.9924999999987,1998.9415999999985
2021,wind_offshore,11,720,-113.31701736111111,541.9726797100938,417.9519965277778,553.3237456962968,-2387.6325,1952.9825,-91.84750000000031,209.10249999999996,516.4357500000001,732.4334999999994,1135.1948749999988
2021,wind_offshore,12,743,-23.428347913862723,606.2158700555143,469.2023855989233,606.260633139085,-1982.1475,1760.1275000000005,-18.892499999999927,318.4675,699.556,993.4977499999999,1559.3422500000001
2021,load,1,744,-4237.189764784946,2410.5968690354734,4261.118239247312,4874.109550932227,-10892.214999999997,1715.635000000002,-4055.761250000007,-2563.184374999997,-1143.2914999999978,-448.35124999999516,397.9679500000032
2021,load,2,672,-2604.169014136905,2019.250398021321,2841.5568489583334,3294.3893069869655,-8196.394999999997,4179.780000000006,-2844.901249999999,-1225.6006250000046,-13.94824999999997,792.2643749999875,2592.311174999988
2021,load,3,743,-3493.1099697173613,1793.9487336735442,3519.870474427995,3926.2880549149413,-7912.064999999988,1253.510000000002,-3528.3099999999977,-2260.337500000005,-1050.5339999999937,-585.8519999999972,588.8167000000094
2021,load,4,720,-3389.316399305556,2091.5494117671774,3414.2715590277776,3981.955398090149,-10049.175000000005,1529.7050000000015,-3231.8799999999974,-1901.4868750000005,-569.8607499999955,-212.00500000000085,428.7249249999962
2021,load,5,744,-59.25908602150541,2141.0814874570037,1757.324112903226,2140.462561184135,-5344.242500000008,6619.3825,-88.31375000000116,1521.3787499999944,2704.2637499999996,3209.0123749999993,4891.610775000002
2021,load,6,720,-924.9531180555554,1617.0164323940091,1486.4445555555553,1861.8938817568878,-5290.467499999999,3732.520000000004,-868.9637500000026,134.83437500000036,1139.4217499999993,1683.7183750000006,2847.4202499999924
2021,load,7,744,-1012.8620934139784,1179.6424074800796,1249.8327318548386,1554.2121665174877,-4464.029999999999,2021.0099999999948,-944.271249999998,-199.74374999999964,523.7419999999995,900.0944999999988,1361.694199999997
2021,load,8,744,-513.7073622311829,1399.9854661259112,1186.1719791666665,1490.3758604691789,-4250.772499999999,3298.894999999997,-457.75500000000466,482.72250000000173,1234.5545000000009,1674.9811250000002,2748.355400000004
2021,load,9,720,-667.4996354166666,1246.049196497606,1100.0283506944443,1412.8120614128352,-4344.102500000001,2875.2574999999997,-573.6024999999972,169.76187500000378,875.8720000000015,1285.8729999999948,1999.3044000000002
2021,load,10,745,-1186.7516342281879,1709.8844008969293,1711.3029228187922,2080.4229545894614,-6453.167500000003,5036.705000000002,-1212.137499999997,-230.3975000000064,1075.1975000000034,1817.8705000000027,2829.6420999999996
2021,load,11,720,-1994.7608020833331,2236.935488986988,2454.4002604166667,2995.9975309659158,-7710.257499999992,5177.784999999996,-2020.9450000000033,-584.2243749999961,645.556250000003,1583.7396250000015,4153.598675000001
2021,load,12,743,-1167.0052860026915,2487.1505946570683,2264.4245524899056,2745.8138723739794,-6412.012500000012,8732.340000000004,-1584.385000000002,-204.45874999999796,2251.310000000012,4531.371250000003,5995.484350000006
2022,solar,1,744,83.22105846774191,455.78436432122606,202.14463373655911,463.0182628432011,-1903.2474999999995,3000.3899999999994,-2.6025,50.989374999999995,495.3935000000001,828.8840000000006,1833.2483500000005
2022,solar,2,672,-14.167198660714321,636.9727145445898,300.5095572916666,636.6562474389904,-2764.067500000001,3587.2074999999986,-2.8925,-2.0012499999999998,409.5007499999998,902.1531249999991,1992.3841499999967
2022,solar,3,743,38.30932368775237,942.1690342362624,394.4915847913863,942.3138362103952,-4740.037500000002,7589.914999999999,-4.1225000000000005,39.876250000000084,615.248999999999,1061.6412499999976,3473.2151000000026
2022,solar,4,720,-542.9643298611111,1054.389922120838,657.0886909722223,1185.3287690198601,-4900.157500000001,1962.807499999999,-6.32625,-3.039375,46.588750000000026,365.7123750000009,1310.3225500000017
2022,solar,5,744,-284.52893481182787,911.5161851918422,535.7827923387097,954.3069322497757,-4572.917499999996,2650.209999999999,-7.2787500000000005,-3.499375,451.0625000000016,995.2217500000022,1885.1152750000006
2022,solar,6,720,-443.05007291666664,1039.1286302974959,692.3475729166665,1128.973857726068,-4447.195,3825.105000000003,-69.05874999999997,-3.3737500000000002,220.41624999999786,1006.1703749999976,2177.970074999999
2022,solar,7,744,99.1896202956989,984.5926050526223,555.6321068548388,988.9176868354174,-3069.822500000002,5405.159999999996,-2.96,94.64812500000001,1347.9040000000036,2096.6541250000014,3232.0274500000037
2022,solar,8,744,212.39532930107526,845.6955344758906,438.96940188172056,871.4077239497832,-2225.9025,5583.790000000001,-2.89625,211.94624999999863,1126.5204999999994,1645.7198749999998,3710.080125
2022,solar,9,720,-35.19061111111114,788.4257152400041,415.1438333333333,788.6635107856783,-3447.0649999999987,3913.817500000001,-2.68375,84.24687499999996,586.3150000000004,1155.8799999999967,2405.545774999996
2022,solar,10,745,153.38991946308718,722.9114478611818,383.5555704697987,738.5309411534769,-2969.6275000000023,3955.895,-2.76,253.34750000000005,982.3659999999996,1548.8710000000005,2392.8161999999943
2022,solar,11,720,91.27559375000001,549.6511239122162,255.85996874999998,556.8015678673819,-2295.415000000001,3096.3624999999993,-3.17125,47.411874999999995,610.4230000000005,1154.061249999999,2230.764649999997
2022,solar,12,743,175.87789030955585,676.2708689367538,295.4895928667564,698.3264177761281,-2636.0975,4457.217500000001,-3.7975,82.35875,907.0345000000027,1495.49825,2917.7181500000092
2022,wind_onshore,1,744,-129.44511088709675,1677.2389242610975,1237.1058904569893,1681.102422974166,-5458.322499999998,6354.922500000001,-41.04375000000027,638.4950000000069,1946.3252500000015,2579.5268749999996,4748.304275000002
2022,wind_onshore,2,672,-1320.79453125,1906.7467945865492,1814.3256101190477,2318.355298348917,-8312.07,6248.670000000002,-1290.597499999999,-13.567500000001928,1026.4445000000007,1556.9244999999935,2602.5338499999984
2022,wind_onshore,3,743,-405.14414535666225,1299.7821514065554,965.0290040376851,1360.6254515138685,-4974.875,7125.145,-342.7374999999993,220.78125,896.2925000000009,1460.2522500000023,2887.1167500000024
2022,wind_onshore,4,720,-65.31821874999996,1428.4404809137252,993.1092395833333,1428.9418216649944,-5627.8475,7727.282500000001,-56.39500000000044,599.2462500000001,1293.5632500000002,1992.0117499999983,5052.679749999991
2022,wind_onshore,5,744,-174.3096303763441,1750.2286030179087,1077.0131115591398,1757.7163227140588,-5528.627499999999,10719.454999999998,-198.10749999999985,288.5556250000003,1132.7072500000015,2475.3022499999997,6504.947650000008
2022,wind_onshore,6,720,-180.49364930555552,1055.8657870601262,775.2975104166667,1070.4588321789906,-4328.0199999999995,3418.2999999999993,-75.91750000000008,418.05562499999996,905.4735000000006,1377.719499999999,2420.462799999996
2022,wind_onshore,7,744,-35.962926747311805,1148.2119679501347,843.5504939516128,1148.0034951610664,-5289.744999999999,3770.752500000001,-67.13750000000005,608.7399999999992,1383.0955000000001,1776.9113750000004,2538.8453000000004
2022,wind_onshore,8,744,-296.9537903225807,913.6916691686671,724.5161559139785,960.1520365269807,-4093.035,2152.909999999999,-249.74125000000004,246.26625000000024,801.0420000000001,1151.6869999999997,1794.6694250000019
2022,wind_onshore,9,720,-393.4053402777777,1165.9971130646775,832.9192916666665,1229.8084267732374,-7266.397499999999,4538.41,-267.31500000000005,212.61499999999984,794.9537499999999,1197.8617499999993,1984.859849999998
2022,wind_onshore,10,745,-320.7834899328859,1326.671499885865,1047.2852617449664,1364.0369580934869,-4345.422500000001,4507.540000000001,-278.0724999999993,504.7550000000001,1276.4715,1783.8579999999997,2723.158
2022,wind_onshore,11,720,22.56399305555553,1481.803146903852,1161.7011666666667,1480.9456641894487,-4872.732500000002,4827.2225,48.903749999999945,921.4412500000003,1837.8277500000006,2540.563375000001,3853.582749999997
2022,wind_onshore,12,743,678.9574158815612,1748.1036164749312,1375.7718236877524,1874.2295887483397,-4583.735000000004,6826.977500000001,480.8624999999997,1682.6500000000015,2873.7975000000038,3755.7487499999947,5353.201050000005
2022,wind_offshore,1,744,93.12762096774192,639.3955025807791,486.9961088709677,645.7165511101892,-1864.535,2158.0249999999996,68.83125000000018,459.67125000000004,939.2489999999992,1238.7555000000004,1700.2679500000013
2022,wind_offshore,2,672,374.33906249999995,733.5023250772911,598.8764955357143,823.0156506307894,-2074.9624999999996,3079.4600000000005,306.3887500000001,734.2425000000005,1398.93675,1746.3476249999985,2385.5384999999997
2022,wind_offshore,3,743,78.56361372812921,559.0557638382547,364.9905114401077,564.176335863503,-1652.8325,2694.05,46.85250000000002,237.49625000000003,637.9790000000008,1067.8147499999993,2052.218400000001
2022,wind_offshore,4,720,-63.986868055555554,553.1216918915557,411.0519583333334,556.4287947702555,-1531.7724999999996,2414.4175,-95.2562499999999,175.6637500000001,600.1042499999999,976.2649999999994,1634.5913749999995
2022,wind_offshore,5,744,42.62011424731183,543.0967611715156,352.44486559139784,544.4025371555573,-1768.765,2004.4224999999997,39.96375000000001,207.191875,602.3972500000002,1066.2661250000006,1756.191275000002
2022,wind_offshore,6,720,-81.36684722222223,512.8829056273069,352.1427708333333,518.9451734547988,-2323.0225000000005,1728.9425,10.338750000000033,173.9887500000001,409.6750000000002,657.5582499999988,1133.9003749999986
2022,wind_offshore,7,744,-63.284778225806434,567.3282976219522,423.1670698924732,570.4680105253599,-1658.2899999999995,2459.505,-82.48249999999985,218.24625000000006,578.6090000000005,957.3173750000004,1616.8173000000027
2022,wind_offshore,8,744,-93.77828965053766,398.73684295240116,272.08082325268816,409.3552734029379,-2107.5175,1017.77,-8.821249999999992,97.66249999999998,293.81525000000033,454.58125000000007,797.8060750000019
2022,wind_offshore,9,720,-59.036465277777786,682.6252220005416,490.5692013888888,684.700888999687,-2256.2050000000004,2204.0199999999995,-36.837500000000006,226.7625,861.9832499999998,1060.285249999999,1486.7031249999998
2022,wind_offshore,10,745,100.19078859060403,689.8768944949803,501.17096308724825,696.6559346533817,-2363.225,3878.52,97.69749999999988,475.6199999999999,835.8060000000004,1054.1165,2089.656199999996
2022,wind_offshore,11,720,-59.81353819444443,880.268072659801,650.6736562499999,881.687772486071,-2422.0275,3379.505,-112.84124999999949,328.6037499999993,1036.2909999999997,1703.0858749999998,2436.638124999995
2022,wind_offshore,12,743,-97.78118438761774,785.1826081933165,591.685598923284,790.7231678436011,-2874.48,3084.0825000000004,-117.46499999999996,363.6137500000001,803.2219999999999,1150.9412499999996,1810.9348000000011
2022,load,1,744,-2036.3606384408602,2616.8816727695544,2696.8290725806446,3314.457714970097,-8855.054999999993,4265.092499999999,-1960.5487500000017,-389.98562499999025,1477.1339999999987,2537.3842500000046,3938.9732999999933
2022,load,2,672,-934.015505952381,2561.2938626993955,2138.4525892857146,2724.4905900031995,-9580.002500000002,5725.392500000002,-1003.8150000000023,595.1725000000042,2341.770749999998,3635.65925,5143.122075000001
2022,load,3,743,-888.9093909825034,1844.3452475860463,1679.5412146702554,2046.26271249036,-6687.212499999994,4821.940000000002,-1075.1600000000035,207.39624999999796,1611.9615000000156,2492.6547499999956,3985.344749999998
2022,load,4,720,-475.8003541666665,2605.391185166374,2088.557305555555,2646.7000848554185,-8504.832500000004,7307.242499999993,-647.3612499999981,1034.8306250000005,3069.3479999999986,3861.690499999999,5950.348099999946
2022,load,5,744,-743.6478864247308,1575.6142546071646,1396.1800302419351,1741.331583511963,-4935.952500000014,3877.07,-706.9612499999967,297.84625000000597,1193.3079999999984,1928.6052500000012,3268.969224999998
2022,load,6,720,236.71853124999996,1181.5291964689334,954.3886284722224,1204.2043018702234,-3929.887499999997,3287.5899999999965,265.2049999999981,1051.5512500000004,1794.1194999999936,2114.045124999993,2640.4312250000044
2022,load,7,744,1116.8394489247314,1337.57593510326,1399.6115994623656,1741.8481621342148,-2979.090000000004,5209.950000000004,1046.3450000000012,1834.0612500000009,2898.677000000001,3556.900500000002,4457.500850000001
2022,load,8,744,1718.6969993279567,1235.6896339663808,1786.0709106182794,2116.316593338266,-1678.8775000000023,5006.122499999998,1656.7675000000017,2543.689374999998,3469.7640000000056,3908.658750000001,4625.401275
2022,load,9,720,1606.2674027777782,2042.3905908812799,2080.1689166666665,2597.2409861866486,-3220.8499999999985,6112.082499999997,1457.3812499999985,3317.3418749999983,4336.7165,4906.399749999998,5776.17495
2022,load,10,745,4685.162580536913,1837.7440381084316,4685.725708053691,5032.247834005012,-107.99250000000028,10265.762500000004,4651.6700000000055,5912.744999999995,7008.884999999999,7607.211999999998,9282.637399999996
2022,load,11,720,3102.935638888889,1649.3749373948608,3153.285958333333,3513.526558533566,-2200.467499999999,7249.557499999995,3275.81625,4315.35375,5084.836250000003,5468.985750000009,6522.251474999993
2022,load,12,743,1750.4513088829071,2232.807829095126,2264.8241554508745,2835.9832016337673,-3534.8150000000023,7996.4649999999965,1618.7474999999977,3118.426250000004,4861.685500000001,5889.432250000001,6887.009900000001
2023,solar,1,744,137.6032190860215,545.505375396979,236.54966397849464,562.2373098557979,-2302.08,3491.5150000000003,-2.19125,54.47937500000013,690.0234999999999,1188.6052500000005,2436.4036750000014
2023,solar,2,672,-43.72673735119046,939.0652890332523,403.9257849702381,939.3845737179121,-3600.24,5467.9725,-3.6574999999999998,-2.8675,282.33699999999993,1038.0004999999987,4486.589049999994
2023,solar,3,743,-254.55594885598924,1257.5922051614377,622.3905047106325,1282.2668603899988,-7092.267500000002,4636.139999999999,-3.3175,-1.982499999999999,491.43400000000173,1371.71,3341.997600000001
2023,solar,4,720,-185.97690624999998,1378.1116900222294,709.5401701388889,1389.655163486052,-6993.095000000001,4438.7775,-3.2975,24.878125000000004,890.3505000000004,1890.867374999998,3608.4479999999976
2023,solar,5,744,-183.16248319892478,1059.0346798214127,626.8751646505375,1074.0556236309728,-3781.127500000001,3138.769999999997,-2.99125,15.783750000000005,807.9427500000012,1688.4316249999981,2818.644025
2023,solar,6,720,-52.544420138888924,888.0353383196751,495.35428124999993,888.9726604472615,-4779.005000000001,3804.455,-3.0725,114.95062499999983,805.5849999999994,1325.6298749999967,2448.5727249999973
2023,solar,7,744,47.26969086021508,906.294678296024,521.4613844086022,906.9181195605337,-3800.097499999996,3456.035,-2.63875,129.1062499999996,1175.3785000000005,1861.890624999998,2699.818175000002
2023,solar,8,744,24.917825940860297,1026.5491361669906,519.8691700268818,1026.1615978781085,-4315.647499999999,5904.32,-2.75375,140.1393750000007,886.5362500000025,1663.6600000000033,2948.2561250000094
2023,solar,9,720,154.29454513888894,739.9256151253749,380.6885243055555,755.3385465586163,-3248.2250000000004,5138.677499999998,-2.19,220.68624999999983,975.2477500000016,1448.1025000000034,2525.0562999999856
2023,solar,10,745,92.88308724832214,597.6083428080913,300.0103825503356,604.3869807250562,-2235.9349999999995,3680.369999999999,-13.5775,96.42749999999997,654.452000000001,1370.6819999999973,2192.974199999987
2023,solar,11,720,123.30161111111111,604.5257263276962,252.91145138888888,616.5606780925241,-1741.7724999999991,4551.785,-2.535,62.74749999999983,512.7425000000005,1232.8934999999965,2749.0079000000005
2023,solar,12,743,52.8987213997308,463.6615682330863,183.81890309555857,466.35928350549614,-3292.407500000001,2715.8925,-2.7475,40.10000000000001,361.2375000000002,745.2402500000006,1873.3683000000035
2023,wind_onshore,1,744,-220.2360752688173,2467.571618323667,1885.895194892473,2475.7280953294653,-5818.7225,9122.004999999996,-138.00625000000036,1107.1356250000001,2136.3274999999985,3791.9686250000036,8082.389900000004
2023,wind_onshore,2,672,-356.5833184523809,1533.76198409421,1110.3460639880952,1573.5554814447034,-6612.4375,6011.1025,-258.6312499999999,513.3918749999998,1265.037250000001,1550.0497499999979,3825.1974749999845
2023,wind_onshore,3,743,658.9810195154778,1797.0908526675187,1380.5697812920591,1912.967564030266,-4429.619999999999,9829.800000000005,437.415,1561.9937499999996,2846.583500000002,3786.9409999999993,6553.444600000015
2023,wind_onshore,4,720,15.215451388888889,1367.4125500261778,1037.4179791666668,1366.547336816643,-4888.5,3795.802499999998,91.40750000000116,823.4831250000001,1696.4090000000008,2222.79675,3045.923524999996
2023,wind_onshore,5,744,-194.64354166666664,1302.6698607327946,1017.1355443548389,1316.2651819669422,-4075.6,3656.0350000000017,-111.46000000000015,698.6293750000004,1376.819750000001,1764.8238750000007,2776.687325000003
2023,wind_onshore,6,720,-110.53028124999999,1099.2063141345552,760.5456493055555,1103.9897340225887,-5390.0825,3580.5650000000005,-8.577499999999873,523.6625000000001,947.4275000000009,1422.404374999998,2289.835024999991
2023,wind_onshore,7,744,259.3987903225807,1822.8123849690528,1169.4832392473118,1839.9638046795458,-4819.672500000001,13563.0575,98.45874999999955,866.9549999999992,2043.6722500000035,3176.6021250000035,6602.628400000053
2023,wind_onshore,8,744,103.59308131720425,1404.9694280380054,941.7534845430108,1407.8414244065484,-5200.469999999999,5774.942499999997,34.87249999999926,621.1281249999995,1492.3545000000004,2732.0866250000004,5104.302325000002
2023,wind_onshore,9,720,-171.3107083333333,1313.8815441541192,834.1002083333332,1324.0975995759638,-7299.149999999998,4611.805000000004,-37.71874999999977,418.34249999999946,964.2230000000006,1618.0246249999987,2796.7472249999896
2023,wind_onshore,10,745,-402.80090268456377,1719.5357444769807,1289.892144295302,1764.9597390346607,-6687.1175,4215.740000000002,-200.47250000000008,635.7425000000003,1591.488999999999,2208.503,3298.9801999999945
2023,wind_onshore,11,720,-394.05901041666675,1720.261485283798,1329.2130243055556,1763.653010980037,-7158.2775,4857.487500000001,-257.848750000001,631.3143750000015,1511.4915000000005,2183.0668750000004,4214.661474999997
2023,wind_onshore,12,743,157.1890948855988,1948.4906992716938,1450.49884589502,1953.5133913347897,-4483.477499999997,8156.135000000002,56.47999999999956,1119.1737499999986,2495.1700000000005,3497.6719999999996,6359.318750000009
2023,wind_offshore,1,744,100.60897849462366,866.3810810237916,653.3804233870968,871.6246046308678,-2342.3549999999996,2734.2924999999996,72.38625000000002,557.8087499999992,1217.2040000000002,1760.2174999999997,2375.801925
2023,wind_offshore,2,672,208.5717261904762,782.4385830537684,537.5379464285714,809.1979203067657,-2537.6525000000006,2874.5350000000003,73.79374999999987,476.15625,1410.35625,1868.72225,2391.5904999999993
2023,wind_offshore,3,743,-132.1267530282638,977.8127781781529,746.434969717362,986.0468922973585,-3192.8799999999997,3366.4850000000006,-89.15000000000009,385.6650000000002,1108.8205,1526.8414999999998,2405.739950000002
2023,wind_offshore,4,720,139.35567361111111,812.7112172675554,588.7148055555555,824.0158772693411,-3150.95,2758.0275,35.54374999999999,487.25312499999984,1243.6782500000004,1670.3997500000005,2317.921874999997
2023,wind_offshore,5,744,26.860826612903217,676.832861819905,479.5935887096774,676.9109966454004,-1932.0575000000003,3405.785,10.809999999999974,355.3462500000003,800.9917499999999,1260.0352500000004,1935.157525000002
2023,wind_offshore,6,720,-247.9758194444444,666.0953203577094,453.2717361111111,710.3229944724457,-3536.32,2882.6075,-130.62125,88.521875,257.7150000000002,414.09512499999795,1403.6586999999884
2023,wind_offshore,7,744,-85.26649865591396,682.5676010246002,515.4903696236559,687.4174118102816,-2495.49,2804.8325,-79.525,263.1700000000001,747.7697500000007,1013.9642500000001,1831.9022750000038
2023,wind_offshore,8,744,-46.00150873655914,545.2237596363431,371.3352788978495,546.7956947894683,-2083.2524999999996,2976.6050000000005,-46.1762499999999,163.198125,440.55675000000014,801.5351250000009,1939.9419000000016
2023,wind_offshore,9,720,-25.26843749999995,846.0007300842703,533.1702777777778,845.7905636273741,-2469.8625,2757.4375,-38.276250000000005,133.57062499999998,1048.4725000000003,1949.5708749999994,2521.1416249999984
2023,wind_offshore,10,745,-169.97520805369126,802.3113400101472,617.9071543624161,819.5919875990289,-2628.6775,2729.86,-144.99500000000012,231.9625000000001,837.3740000000001,1102.8164999999997,2127.297299999999
2023,wind_offshore,11,720,-46.22196527777777,849.0422160282734,630.1325,849.710505178322,-2786.4775000000004,4093.575,-125.00624999999991,349.8374999999999,922.2865,1456.213249999999,2587.0656249999984
2023,wind_offshore,12,743,-124.57287012113053,871.3830027504611,657.9523923283984,879.6617464357655,-2297.9575,3508.2025000000003,-165.07500000000073,247.2662499999999,932.8115000000016,1535.7409999999986,2609.9663500000042
2023,load,1,744,2361.3067103494623,1620.9222880740951,2427.423632392473,2863.4990845821503,-1502.7000000000044,7176.915000000001,2343.107500000002,3419.1968750000015,4517.12575,5221.863000000001,6573.423374999995
2023,load,2,672,1309.8198177083332,1296.310344938795,1518.6865364583334,1842.1584729597266,-2005.0975000000035,4757.01249999999,1261.1900000000023,2244.3243749999983,3025.117499999998,3507.4298750000003,4051.76725
2023,load,3,743,2332.4753633916557,1409.700039035028,2363.4430215343205,2724.889151021137,-1509.332500000004,6584.824999999997,2291.4225000000006,3244.880000000001,4081.6225000000013,4919.938749999993,5956.162050000001
2023,load,4,720,1384.0316840277778,1676.8723777600565,1661.3743506944445,2173.3704828380605,-2050.072500000002,7182.977500000001,1108.625,2532.3224999999984,3656.2482499999983,4509.202874999991,5459.0702500000025
2023,load,5,744,1427.7092842741936,1884.2181277333943,1742.8632627688173,2363.0192285110475,-2301.3499999999913,8568.367499999993,1083.982500000002,2490.676875000001,4008.386,4782.380000000001,7745.321050000004
2023,load,6,720,1643.4521770833333,1500.7965233986722,1894.3834409722222,2224.9038053985196,-3382.6199999999953,6346.572499999995,1713.6849999999977,2489.6325000000033,3347.923500000002,3865.597374999997,5658.933324999987
2023,load,7,744,-352.42789314516125,1509.4365106402256,1229.759371639785,1549.0453950217686,-5348.442500000005,4232.374999999993,-349.8537500000057,624.9606250000015,1448.0195000000044,2263.7916249999985,3437.7342999999987
2023,load,8,744,-1462.831149193548,1394.85316804553,1719.0512029569895,2020.6125944991088,-5374.942499999997,3410.1324999999997,-1494.701250000002,-673.335000000001,304.53050000000076,962.5621250000011,2503.1607000000045
2023,load,9,720,-1577.6836527777778,1582.7474657784217,1875.4338402777778,2233.9865616520337,-5936.767500000002,3370.2774999999965,-1665.9812500000007,-533.402500000002,473.7357500000014,1154.7257499999982,2424.746649999976
2023,load,10,745,-1656.4811140939596,1767.3715043226152,2052.682060402685,2421.4332452564336,-6461.779999999999,3762.782500000001,-1765.530000000006,-624.9574999999968,500.9889999999971,1805.769999999993,2927.0486000000005
2023,load,11,720,-2377.8840555555557,1566.3903461122534,2443.7710694444445,2846.840977266167,-6411.580000000002,2029.010000000002,-2334.5774999999994,-1207.3824999999997,-404.9129999999982,10.42762499999262,1077.5218499999976
2023,load,12,743,-908.2242900403768,2799.0943432666822,2349.9306022880214,2940.9616643898053,-7024.625,8754.192499999997,-1136.7675000000015,488.3349999999991,2705.7380000000053,4073.9567499999994,7477.0288000000055
2024,solar,1,744,82.42352822580645,960.6530914154519,381.95738575268825,963.5391037230111,-4895.055,5336.1075,-2.9924999999999997,25.37374999999996,802.8307500000005,1565.480625000001,3812.560725
2024,solar,2,696,37.97375718390805,864.2997319205588,390.1935272988506,864.513005580243,-3350.0275,4202.419999999998,-3.3975,20.865624999999998,665.7762499999997,1429.524375,3196.427749999993
2024,solar,3,743,-71.43111036339168,1524.2917172268503,713.9006729475101,1524.9395077966528,-6972.1275000000005,9135.392500000002,-3.8475,-0.3912499999999985,800.8204999999995,1901.76775,5077.958050000003
2024,solar,4,720,-506.95959374999995,1152.9212802232134,716.3624201388889,1258.7252912415618,-5105.9649999999965,2690.215,-9.2925,-4.53125,42.0912500000007,982.682249999995,2251.152199999995
2024,solar,5,744,-330.23274193548383,1205.7449038227114,695.8441397849463,1249.3679909305254,-5246.467499999999,3852.0800000000017,-3.81625,8.746875000000003,642.9504999999995,1467.2369999999999,2385.501325000007
2024,solar,6,720,313.4639722222223,1390.3725266001989,771.0887847222223,1424.3280920575821,-3746.654999999999,7792.57,-3.0975,476.2606249999999,1856.9522500000012,2934.6367499999965,5988.077174999998
2024,solar,7,744,484.01720430107525,1157.63318425819,695.1320833333334,1254.0279159845277,-2204.2525000000023,5941.729999999996,-2.80875,807.1443749999971,2213.697249999999,3004.4421250000005,4516.726175000002
2024,solar,8,744,194.75257392473108,949.2088747306129,535.5419018817205,968.3568736725167,-3673.3600000000024,4345.709999999999,-5.6625000000000005,428.18750000000364,1284.90825,1900.0276250000006,3402.996200000006
2024,solar,9,720,187.2313020833333,1099.758194450767,551.7538715277777,1114.8290586251135,-4441.807499999999,6385.075000000001,-6.08625,261.1231249999998,1189.0009999999952,2165.2496250000004,4498.835724999996
2024,solar,10,745,377.9162483221476,1104.641284921015,569.7708523489933,1166.7969674718017,-3114.022499999999,5612.055,-9.8825,341.5,1958.9490000000012,2922.1799999999926,4368.848399999997
2024,solar,11,720,327.0147881944444,1118.2338063987486,488.95253125,1164.323316669666,-3230.727499999999,7357.18,-9.653749999999999,218.7031250000013,1442.0160000000014,2519.6773749999975,5382.4502999999695
2024,solar,12,743,91.1464872139973,769.5996763147725,310.2750336473755,774.4638095381348,-3377.317499999999,5685.07,-6.7475000000000005,-1.4600000000000009,615.2895000000022,1381.4379999999996,3076.5997500000003
2024,wind_onshore,1,744,142.020625,1908.0285678371406,1477.0009341397847,1912.0276227888007,-4454.432499999999,6940.407500000001,26.2212499999996,1259.167500000001,2641.8102499999995,3644.65,4787.6972749999995
2024,wind_onshore,2,696,-258.49394755747124,1563.4719840521045,1135.239579741379,1583.5882143818692,-7618.954999999998,4724.505000000001,-269.69375000000036,544.0843749999999,1543.0912499999995,2427.7649999999994,3708.6371249999806
2024,wind_onshore,3,743,-64.58082099596223,1266.5681844134615,919.6927658142666,1267.3620517409718,-3945.395,5439.5075,13.097500000001672,583.5225000000007,1358.424000000002,2062.0459999999985,3145.0693000000015
2024,wind_onshore,4,720,218.65558680555557,1839.30753273954,1344.2823576388887,1850.9899464941984,-5325.892500000002,10081.285000000003,92.78874999999971,1048.619375,2505.9654999999993,3576.5378749999977,5234.367374999993
2024,wind_onshore,5,744,451.0285786290322,1601.5385740388183,1175.4526176075267,1662.8003794667839,-5561.5075000000015,7512.245000000001,283.46124999999995,1241.7818749999994,2568.5237500000035,3104.3272500000007,5162.972150000006
2024,wind_onshore,6,720,-233.05058333333324,1564.9185753324148,1067.6613333333335,1581.1013169261066,-4336.612499999999,12429.1525,-246.74749999999995,387.5768750000002,1270.9670000000006,1959.554375,4633.355874999973
2024,wind_onshore,7,744,-78.21535282258064,1458.8899676534913,897.5849697580645,1460.0057809118923,-9633.165,4617.475000000002,40.73499999999936,612.7074999999999,1249.6007500000014,1888.2403750000003,3473.6358500000074
2024,wind_onshore,8,744,13.843938172043,1035.0022418498916,758.2184677419356,1034.3990866549595,-6112.872500000001,3384.557499999999,51.74499999999966,630.119375,1093.0904999999998,1561.9077499999999,2650.944800000001
2024,wind_onshore,9,720,198.4026145833334,1542.9956032339326,1097.0596354166669,1554.6357493623802,-7354.387500000001,6937.415000000001,205.29500000000007,879.6449999999998,1873.9607499999993,2880.1175,4731.523699999968
2024,wind_onshore,10,745,-560.5729429530202,1490.768966471446,1150.9068959731544,1591.7446588902892,-5328.15,4211.825000000001,-290.1174999999994,321.53999999999905,1065.5394999999992,1550.9995000000004,2810.6704999999965
2024,wind_onshore,11,720,-251.05975347222224,1646.4103993016124,1149.6884270833334,1664.3116857074592,-7623.130000000005,5485.857499999998,-89.95499999999936,492.58687500000076,1397.9825000000035,2323.7831249999977,4339.801849999991
2024,wind_onshore,12,743,121.2062987886944,1809.0372280669594,1341.4127792732165,1811.8780483892047,-4474.235000000001,8079.705000000002,-54.037499999999454,924.4399999999987,2553.8170000000036,3489.1474999999973,5567.451750000005
2024,wind_offshore,1,744,-59.015571236559126,685.873609395297,553.6983198924731,687.9485135252562,-1937.4625,2090.5625,-140.1812500000001,431.6481250000004,916.6455000000005,1101.5468750000002,1727.2688500000013
2024,wind_offshore,2,696,-89.69737068965517,848.7598240297626,650.473426724138,852.8797156918725,-3323.5024999999996,2660.4700000000003,-104.91499999999996,418.30374999999987,1027.4050000000002,1393.766875,1953.497624999998
2024,wind_offshore,3,743,-99.47461978465682,678.4794514639401,530.2555080753701,685.2809674208171,-2985.4474999999993,2203.3225,-5.380000000000109,329.6350000000001,628.2295000000007,994.4389999999996,1430.7925000000007
2024,wind_offshore,4,720,142.09222222222226,809.9193815077573,615.0355208333334,821.7350762505749,-2585.9124999999995,3609.7925,97.49749999999995,612.9137500000002,1113.60975,1465.57775,2400.0080499999963
2024,wind_offshore,5,744,372.11072244623665,867.7559973154465,612.634559811828,943.6391064539943,-2356.135,3476.932500000001,171.8649999999999,630.3918749999999,1728.9372500000006,2314.082375000001,3002.133675000004
2024,wind_offshore,6,720,55.91805902777778,665.8324796057487,453.49617708333335,667.7154933780755,-2009.6349999999993,3011.765,20.29874999999997,305.02374999999984,846.4552500000002,1253.7193749999994,2527.7057249999953
2024,wind_offshore,7,744,-107.25813172043011,717.1066836157131,505.75849462365585,724.6068706743062,-2353.7425000000003,2939.0824999999995,-14.813750000000056,216.67562499999997,627.9997500000004,1007.5408750000006,1752.1696750000094
2024,wind_offshore,8,744,59.127298387096786,556.6828206554097,398.52937499999996,559.4419305562458,-1878.425,2445.5525,20.22999999999996,324.98375,722.6035000000002,1003.5122499999999,1570.0240000000017
2024,wind_offshore,9,720,205.25145833333335,982.8903401156307,638.1875763888889,1003.4240445597908,-2786.9825,4778.6575,112.54375000000016,504.26,1092.17725,1991.151124999995,4052.7271999999925
2024,wind_offshore,10,745,70.13754362416105,793.4429836014796,548.7608993288591,796.0062859811746,-2141.6949999999997,3904.5725,5.977499999999964,334.7825,992.6125000000002,1639.059499999999,2686.3194
2024,wind_offshore,11,720,-61.175607638888906,896.6005308521035,632.6870381944444,898.0637224142775,-2561.54,3915.019999999999,-106.23500000000001,221.33999999999997,1110.538,1602.2501249999984,2923.364374999993
2024,wind_offshore,12,743,51.486463660834474,952.8647206928558,698.1254071332436,953.6141908104657,-2522.0525,3804.3025,-119.68499999999996,407.0387500000004,1445.1220000000012,2099.7290000000003,2864.7355500000012
2024,load,1,744,-2285.477449596774,3351.5210795761864,3409.473934811828,4054.7506721226073,-9321.082499999997,8020.314999999988,-2557.7137500000026,-105.05999999999587,2394.707500000005,3715.4225000000097,5926.699100000004
2024,load,2,696,-747.2220689655172,1639.4387475437275,1431.864511494253,1800.6216993058285,-5203.577499999999,3569.0,-671.9762499999997,324.9250000000011,1379.1699999999983,1938.515000000003,2969.018874999995
2024,load,3,743,-478.5101480484521,1963.591056200564,1555.8239367429337,2019.7703938880152,-5288.977500000001,9167.61,-830.757500000007,206.682499999999,2093.2894999999985,3284.360249999993,7080.290350000011
2024,load,4,720,-319.62536458333335,1528.852877820085,1257.4246284722224,1560.8667845608813,-4306.6500000000015,4355.8324999999895,-402.2237499999974,651.7231250000041,1761.110500000003,2326.436375,3310.4501499999997
2024,load,5,744,1769.2373017473121,2047.3608031756683,2105.1493313172045,2704.8572792973387,-3163.344999999994,9328.0075,1647.0162500000006,3128.0062499999985,4428.028249999997,5254.995750000003,8157.933775000017
2024,load,6,720,1412.8671284722222,1556.9050504696252,1726.6672534722225,2101.613726886881,-3028.354999999996,5497.705000000002,1448.3087500000001,2414.6462500000016,3461.1562499999945,4148.294375000002,4721.292300000001
2024,load,7,744,1319.9425907258064,1647.0225334337902,1628.8164415322578,2109.8070027484173,-3895.375,7903.547500000001,1182.142499999998,2325.015625,3206.1562500000055,4262.913750000003,6380.194475000006
2024,load,8,744,-281.2131787634411,1619.4301472339007,1299.4851948924731,1642.5924374310964,-5306.125,5070.195,-376.60375000000204,694.9262499999986,1900.8264999999992,2541.3017500000033,3822.3284000000026
2024,load,9,720,-136.54534235138905,1972.4423869566854,1600.390574315278,1975.7960643556057,-5607.040000000001,5205.9000000000015,-134.64250000000175,1225.0043750000043,2420.003999999998,3122.3177499999974,4446.235149999993
2024,load,10,745,369.14045302013426,1563.8119606328103,1222.9978020134229,1605.767717138457,-4440.860000000001,7069.292500000003,327.73250000000553,1250.5650000000023,2207.3644999999956,2993.634499999997,4463.335699999996
2024,load,11,720,-3187.053732638889,1811.6488426553794,3215.0644340277777,3665.354633748657,-9025.010000000002,1098.532499999994,-3143.9675000000025,-1883.413749999998,-757.2657499999993,-236.82587499999806,489.2597500000044
2024,load,12,743,-2287.044421265141,2762.6077176985673,3062.0248384925976,3585.010699293214,-8661.917499999996,6604.512499999997,-2522.7449999999953,-778.1699999999983,1608.8635000000015,2712.127249999999,5503.4982500000015
2025,solar,1,744,39.54792002688171,761.3621218809708,298.7256485215054,761.877410876639,-2866.727499999999,6610.2225,-7.606249999999999,-5.467499999999999,393.48000000000076,1196.8487500000006,2638.786100000014
2025,solar,2,672,10.421529017857102,1500.6802238707555,648.4144903273809,1499.5994434834522,-6546.560000000001,8085.75,-7.35625,-5.17375,843.4747499999996,2119.0483749999958,6477.484849999981
2025,solar,3,743,-604.5443305242262,1391.23527175785,786.5452286049798,1516.0489442137882,-7467.902447,3860.596443999999,-14.872149,-6.219464,17.794371799997638,586.2972853999993,2152.3594143399987
2025,solar,4,720,-689.9228159722221,1541.2963894476638,996.2812256944443,1687.687357076062,-6814.095000000001,4637.465000000004,-18.92124999999978,-5.7275,109.01774999999985,1184.0947499999934,3396.6903249999914
2025,solar,5,744,-697.6975,1468.3824352827114,932.6534139784945,1624.8171376317866,-7174.477500000001,4474.470000000001,-27.536250000000003,-6.350625000000001,122.23200000000006,819.7194999999987,2472.8053000000023
2025,solar,6,720,-353.39573263888894,1340.5001329329336,852.2339548611111,1385.4000864004508,-5530.292499999996,4351.422500000001,-54.165,33.37312499999998,1023.2322500000022,1734.688375000002,2905.302074999991
2025,solar,7,744,130.78745967741935,1039.5499370220257,643.7689831989247,1047.0515391798247,-4851.2874999999985,4783.327000000001,-5.6705000000000005,464.2523749999989,1375.0295250000022,1941.4981750000004,3112.0405325000024
2025,solar,8,744,225.7650754381721,1377.3459750849422,782.6582582795698,1394.8125189643586,-4873.548276999998,5799.567425000005,-8.4028825,371.2819654999997,2222.5703705000024,2967.1364500000022,4294.8525793200015
2025,solar,9,720,476.47003057083333,1428.471972131924,796.0293120597221,1504.899263317359,-6943.702735999999,6486.455238999995,-6.7319075,654.3826865000007,2587.600439100002,3410.078107049998,5113.517679869996
2025,solar,10,745,449.0906044013423,1338.774345967784,631.6740592738256,1411.2382244286416,-2829.738964,10417.074271,-10.798384,410.1992909999999,1926.0959240000025,3045.415444999998,5692.78220195999
2025,solar,11,720,365.11610951597225,1063.753563595998,473.49263216736114,1123.9705468595891,-1776.6219,7438.486797500002,-7.180607999999999,208.058466125,1468.9727025000007,2555.0456271999974,4919.504591814998
2025,solar,12,743,188.0022504885599,661.5652491545864,296.2364211615074,687.3313386692867,-1779.0410455,3755.461619,-7.336604,52.051284249999995,875.9607217000002,1702.2787012499996,2969.164743810002
2025,wind_onshore,1,744,-377.14939180107535,2083.7580470256826,1594.3032022849463,2116.2356146701377,-6157.335000000001,7364.220000000001,-356.9337499999988,723.4487499999982,1945.4612500000014,2932.960000000001,6064.384174999997
2025,wind_onshore,2,672,-559.6645200892857,1591.2962394485003,1231.0070349702382,1685.7283015562386,-6670.055,3038.8425000000007,-457.4637499999991,347.2437499999992,1290.1047500000013,1920.676999999999,2507.5533499999974
2025,wind_onshore,3,743,-315.01974491520866,1365.4320434600766,942.8221221857335,1400.4045172875408,-6555.073033999999,8871.484097,-268.752923,283.1178579999996,1020.2877298000019,1477.2711009999985,3671.26698598
2025,wind_onshore,4,720,64.6864375,1482.5680909000225,1035.5557291666667,1482.949658708034,-4872.207499999997,7848.5175,80.25999999999885,697.64875,1610.3525000000002,2576.4544999999985,4895.957824999976
2025,wind_onshore,5,744,200.90476814516137,1396.717360360839,1042.1829469086022,1410.163125858604,-4786.577499999999,5806.815000000002,105.0600000000004,974.2081250000011,1987.0017499999997,2599.9521250000003,4058.935025000002
2025,wind_onshore,6,720,198.97424305555558,1695.032178933858,1256.8723819444444,1705.5012087390053,-6818.317500000001,6794.852500000003,210.82374999999774,1183.8650000000011,2104.51925,2817.7601249999993,4944.337424999997
2025,wind_onshore,7,744,-76.50039885752696,1319.726221609249,1002.6794640456989,1321.0558833431228,-5799.456749999999,4885.343499999999,63.69587499999989,721.6778750000001,1383.4185500000006,1884.8613875000003,2842.5726225000017
2025,wind_onshore,8,744,124.53814681451617,1038.29612915185,773.4767422768819,1045.0452612162926,-2835.361948,4686.471696999997,18.660603500000434,654.17511325,1511.2836604000042,2021.3664554000004,3195.750795080003
2025,wind_onshore,9,720,-146.97840485694448,1814.60642544354,1297.9142181180555,1819.2926653817565,-3723.3856309999974,9103.643035999998,-131.7072049999997,715.683283499998,1443.7839541,2487.605136699997,7424.234051689992
2025,wind_onshore,10,745,146.45256699194633,1786.4545319165475,1305.1356887651007,1791.2521776747406,-6268.684344000001,7677.797051000001,84.78148400000646,1078.636763999999,2077.333577300002,3207.7059801999962,5804.472537639978
2025,wind_onshore,11,720,-102.57741033749996,1588.4363937752373,1211.359913813889,1590.6438805443147,-5066.144762999998,4783.021747999999,68.64854074999948,887.3097433750004,1668.5939356000015,2424.8663401749973,3345.427617545001
2025,wind_onshore,12,743,-458.30394660565275,1592.3065261752001,1264.7933988950201,1655.9197277059689,-6158.002250499998,4225.072780999999,-267.96165550000114,536.7327952500009,1387.4509770000006,2034.5683492499982,3224.8616138700027
2025,wind_offshore,1,744,-140.40293682795695,853.3038356726943,630.0900067204301,864.211637699401,-2953.6600000000003,4434.2525000000005,-137.18624999999997,233.10499999999993,714.05875,1253.8027500000007,2995.5094499999996
2025,wind_offshore,2,672,-140.34667410714286,715.8796916294317,506.41228422619037,728.9844286525438,-1686.9125000000004,4227.762500000001,-182.8012500000001,114.86624999999948,526.6877499999998,860.7871249999989,2439.002874999987
2025,wind_offshore,3,743,105.1028129205922,785.9907161006246,492.2569919246298,792.4623260209707,-2376.4475,4338.2075,25.61750000000029,355.00375000000014,726.6675000000001,1245.2609999999981,3531.426250000006
2025,wind_offshore,4,720,14.353840277777767,556.2811013835956,370.73974305555555,556.0799462995344,-1824.77,3127.4575000000004,11.141250000000241,216.110625,652.1580000000001,867.1294999999997,1867.6643249999895
2025,wind_offshore,5,744,-24.361249999999988,698.8586245769301,508.00872983870966,698.8135598963744,-2093.6024999999995,3059.9225000000006,-26.30874999999989,302.1318750000002,763.1927500000002,1210.6310000000003,2167.4498
2025,wind_offshore,6,720,96.55038194444441,819.1678548548499,620.0352013888889,824.2729864991255,-2355.8,2591.3625,88.5212499999995,575.9499999999998,1164.135,1322.6323750000001,2193.3113999999982
2025,wind_offshore,7,744,-218.09707291666666,598.0308599780325,444.5277866263441,636.1812183283346,-2302.6162499999996,1999.9115000000008,-120.67937499999994,95.93793750000005,403.01742500000006,582.2823999999998,1216.2165800000028
2025,wind_offshore,8,744,-59.41091297043012,610.3614787128324,453.1812315188172,612.8377141992112,-2868.5699999999997,2017.84825,18.1545000000001,284.80775000000017,622.7325500000005,889.9660625000002,1317.7117025000002
2025,wind_offshore,9,720,-80.54879652777777,575.7683639660701,439.4295375,580.9792492932698,-2244.16825,1857.7302500000003,-49.734375,280.071875,593.0885750000003,838.7665124999997,1428.9781924999972
2025,wind_offshore,10,745,-33.477987583892634,678.619544433289,526.7836822147651,678.9897702225801,-2617.9169999999995,2547.7205000000004,-6.2847499999998035,419.1675,774.6479499999996,974.1283999999995,1662.8093599999993
2025,wind_offshore,11,720,-71.9746152777778,700.0016015555756,523.4205159722222,703.208382170648,-2316.3807500000003,2784.3025,-89.54650000000038,260.0720625,836.2645750000001,1179.6354999999994,1983.5687549999946
2025,wind_offshore,12,743,-401.7904461641993,693.4304861084727,626.9031574697174,801.0207448457147,-1945.97675,1998.1459999999995,-357.9894999999997,52.81449999999995,404.8386000000002,636.2360749999999,1331.8888550000029
2025,load,1,744,-2145.074277553763,2165.560510588214,2550.135137768817,3047.0793696761666,-8282.265,5092.135000000002,-2157.492499999993,-918.1187500000033,558.1732499999999,1350.4238749999956,3836.332425000011
2025,load,2,672,-1505.013616815476,1939.2746812917112,2038.6133258928571,2453.6209707552985,-6360.264249999993,4727.298250000007,-1637.6309999999976,-223.7641249999997,885.6246999999979,2090.5184624999956,3490.7417924999804
2025,load,3,743,827.18783781965,1989.6400470648985,1559.7638889636612,2153.503955191075,-3334.161500000002,8622.023000000001,611.6652499999982,1757.8603749999966,3681.5582499999996,4983.231825000005,6686.0993700000045
2025,load,4,720,2179.864625,2138.778121882957,2414.8245375000006,3052.8393904247596,-3287.785999999993,8560.950000000004,1873.6257499999992,3456.9240624999984,5326.159825000006,6236.275274999993,7618.229892499999
2025,load,5,744,2016.8595507392474,1926.4441255373904,2196.1986454973116,2788.1752566324913,-1973.6664999999991,8611.769249999998,1795.1808750000018,2889.126437500001,4606.008900000002,5866.580537500005,7672.2962225000065
2025,load,6,720,476.86231388888876,1848.4196001052135,1519.70313125,1907.6968654031077,-4644.321250000001,5908.28325,284.87262499999997,1728.2134375000007,3059.136199999998,3662.167337500008,4472.8279324999885
2025,load,7,744,1080.4605228494622,1654.9389591018091,1557.8931955645157,1975.4839118897962,-5109.821499999998,6524.5244999999995,1006.6808749999982,2052.4086874999944,3170.8439249999983,3834.996437499997,4863.718587500001
2025,load,8,744,1499.7544445564513,2080.888808715969,1980.72114952957,2563.891886117238,-3676.569000000003,7898.769249999998,1235.7088750000003,2549.118812500001,4500.866825000002,5489.178624999999,6681.454480000009
2025,load,9,720,1025.3966732638887,1970.6953124547786,1780.2893114583335,2220.2892621474484,-3960.106749999999,7385.816500000001,1095.2778749999961,2211.470062499997,3379.0818499999973,4460.129162499994,5890.038277499988
2025,load,10,745,-236.8936240738255,2039.4481585105304,1707.3494492885907,2051.800273386052,-5778.960500000001,6391.60125,-548.5115000000005,1206.0119999999952,2509.680149999999,3240.2752999999957,4630.99173999999
2025,load,11,720,-628.4937625885416,2250.4500665635705,1836.3261338607638,2335.057996819635,-8838.333149249993,5113.247250000008,-493.606524625,955.5185625000013,2000.3830866999976,2751.2368323750006,4232.308957964998
2025,load,12,743,24.085325546096463,2641.480098690496,2059.7164565245625,2639.811800818402,-6259.922243000008,10510.819331500004,-405.2657214999999,1478.0241743749975,3605.149473800002,5107.904722274998,7024.164658105012
